celtic_natives = {
	graphical_culture = celticgfx
	color = { 0 255  255 }
	icon = 1
	
	unit = 10_late_celtic_warriors
	
	provinces = {
	486 489 444 445 447 448 449 450 455 478 482 483 484 295 294 293 291 290 292 2114 289 288 285 286 282 287 283 281 284 281 280 279 278 277 302 305 306 303 304 350 351 352 353 354 299 
	324 322 326 323 325 319 321 320 311 318 309 310 312 301 313 316 317 314 315 328 329 330 332 327 334 333 335 336 337 331 339 338 342 343 346 347 344 345 340 341 348 349 355 356 358 357 360 359 361 362 363 364 308 307 300 298 297 296 
	226 229 230 233 234 235 236 238 241 242 413 414 408 407 417 418 440 441 442 443 231 232 228 485 487 488 497 499 500 501 476 467 502 503 477 504 505 506 508 509 513 514 498 496 495 493 494 512 475 474 383 384 466 465 
	409 411 412 415 416 410 392 393 394 395 391 396 397 398 388 399 400 423 403 424 404 405 406 421 419 420 370 371 372 373 374 376 401 425 426 402 381 382 422 
	255 390 389 387 386 368 369 367 366 365 94 92 91 90 79 75 120 70 73 69 125 126 132 127 121 122 123 124 67 52 51 48 256  110 111 112 470 468 380 377 378 379 385 472 473 471 469 1772 1773 1205 1204 1205 1207 1209 1211 1208 1206 1210 1216 1217 1780 1776 1777 1779 1867 1771 1774 1802 100 1770 1775 1778 1797 
	1214 1213 1218 1219 1220 1203 1215 1221 1222 1228 1212 115 117 119 1200 1233 1198 1199 1202 1201 1229 1230 1231 1234 1235 1227 1226 1225 1223 1231 1851 1852 1853 1854 1860 1859 1849 1804 1805 1855 1861 1808 1850 1856 1857 1858 1232 1237 1239 1902 1865 1864 1866 1863 
	1752 1800 1803 1749 1769 1751 1763 1765 1742 1743 1744 1745 1746 1754 1756 1755 1782 1781 1748 1750 1747 1753 1757 1784 1792 1783 1787 1793 1760 1758 1759 1764 1761 1788 1795 1762 1767 1794 1786 1785 1789 1790 1791 490 491 492 510 511 507 1766 1768 1796 1798 1799 1830 1829 1811 1809 1810 1816 1815 
	1818 1817 1819 1820 1825 1822 1821 1823 1824 1826 1814 1813 1812 1833 1831 1835 1837 1869 1871 1873 1874 1892 1894 1895 1896 1897 1920 
	
	}
}

iberian_natives = {
	graphical_culture = iberiangfx
	color = { 0 255  0 }
	icon = 2
	
	unit = 10_late_iberian_warriors
	
	provinces = {
		217 218 213 214 216 167 169 168 208 153 154 155 158 166 211 165 212 245 244 243 239 240 220 207 185 184 194 198 189 188 201 202 187 186 183 181 182 179 180 178 190 192 193 194 197 200 227 224 222 223 203 225 206 205 204 221 219 225 237 
		138 139 145 146 142 144 147 149 150 151 152 156 157 159 164 209 210 215 246 248 247 249 250 251 253 252 254 160 161 162 163 135 136 140 141 143 148 170 171 172 133 134 173 174 175 176 177 191 196 195 199 137
	}
}

african_natives = {
	graphical_culture = berbergfx
	color = { 255  255  0 }
	icon = 3
	
	unit = 5_adv_numidian_raiders
	
	provinces = {
		515 516 523 524 525 530 533 534 532 535 537 631 632 549 548 547 693 925 924 923 921 922 517 518 519 554 557 559 562 567 568 575
		560 563 564 561 558 566 594 595 565 553 556 596 555 551 526 527 528 529 545 541 540 542 543 536 689 690 691 692 538 539 635 634 633 531 544 522 521 550 552 
		603 604 610 611 600 624 601 602 591 586 590 593 592 585 573 589 598 599 583 605 580 577 581 584 587 570 576 574 571 569 572 609 613 614 622 623 626 627 628 
		667 714 703 639 640 628 643 678 677 679 796 906 675 674 676 686 685 641 645 644 642 664 651 653 655 665 647 661 666 656 657 662 660 663 658 659 713 696 697 
		699 712 711 1641 1640 1639 716 717 715 718 719 787 786 788 789 790 792 791 793 794 3229 895 868 867 866 869 864 863 901 865 862 904 858 857 861 860 859 905
		909 915 910 913 912 914 911 916 917 681 680 682 683 919 918 920 870 874 879 880 3256 3257 3258 3259 3260 3261 3262 3263 3264 3265 3266 3267 3268 3269 3270 
		3271 3272 3273 3274 3275 3276 3277 3278 3279
		3280 3281 3282 3283 3284 3285 3286 3287 3288 3289 3290 3291 3292 3293 3294 3295 3296 3297 3298 3299 3300
	}
}

steppe_natives = {
	graphical_culture = scythiangfx
	color = { 255  255  0 }
	icon = 4
	
	unit = 10_scythian_sickle_warriors
	
	provinces = {
		1964 2018 1963 2017 2016 2023 2026 1970 2028 2027 1972 2021 2022 2020 1974 1973 1975 1979 1980 2029 1978 1977 2034 2035 2033 1971 2040 2043 2042 2036 2041 2046 2047 2048 2049 2053 2054 2052 2057 2051 2062 2061 2060 2055 2063 1982 2056 2050 2059 2058 2044 1981 2039 2038 2045 3230 2037 2019 1976 1987 2014 2015 2094 1983 2064 
		2901 2909 2910 2902 2908 2106 2904 2905 2903 2907 2107 2098 2109 2099 2110 2104 2111 2108 2097 2100 2105 2881 2887 2882 2885 2888 2875 2878 2877 2876 2880 2879 2900 2886 2879 2899 2898 2884 
		2435 2436 2442 2431 2430 2438 2437 2075 2439 2440 2444 2441 2443 2445 2446 2448 2451 2452 2453 2454 2450 2457 2455 2458 2463 2461 2462 2460 2459 2464 2406 2405 2403 2465 2468 2467 2466 2469 2447 2449 2456 2082 2081 2083 2084 2085 2090 3232 2092 2089 2103 2091 2102 2101 2093 2079 2080 2078 2076 2095 2096 2077 2086 
		2005 1998 1999 3231 2007 1996 1997 1995 1994 2006 2004 2003 2002 2001 2000 2068 2070 2071 2069 2067 1986 1988 1989 1990 1991 1992 1993 2008 2009 2010 2011 2012 2013 2065 2066 2072 2074 2073 2433 2432 2434 2429 2428 2232 2231 2230 2229 2228 2227 
	
	}
}

tibetan_natives = {
	graphical_culture = asiangfx
	color = { 255  255  0 }
	icon = 6
	
	unit = tibetan_spearmen
	
	provinces = {
		4707 4708 4706 4705 4704 4715 4716 4717 4718 4719 4696 4697 4698
	}
}

balkan_natives = {
	graphical_culture = thraciangfx
	color = { 255  255  0 }
	icon = 5
	
	unit = 10_illyrian_warriors
	
	provinces = {
	1903 1905 1906 1907 1911 1916 1918 1923 1917 1914 1915 1912 1913 1953 1956 1959 1960 1954 1955 1965 1967 1966 1924 1948 1961 1962 1968 1941 1946 1940 1957 1958 1934 1937 1950 1951 1932 1904 1908 1240 1242 1241 1238 1949 1952 1926 1936 1939 1942 1944 
	1104 1101 1106 1108 1103 1102 1099 1107 1110 1120 1118 1124 1105 1109 1127 1123 1126 1125 1121 1119 1189 1188 1183 1190 1191 1192 1922 1925 1931 1933 1935 1938 1943 1945 1947 1128 1135 1193 1194 1196 1100 1093 1094 1095 1096 1097 1984 1985 
	1169 1173 1168 1159 1156 1160 1153 1154 1151 1143 1145 1147 1184 1186 1141 1194 1195 1182 1179 1181 1185 1187 1246 1247 1248 1178 1180 1175 1176 1244 1243 1177 1172 1174 1245 1236 
	24 25 31 32 38 42 37 43 56 57 59 60 78 82 85 109 116 118 1167 1166 1165 1164 1163 1170 1171 1163 1158 1157 1155 1152 1150 1146 1149 1148 1144 1142 1140 1139 1136 1047 1098
	}
}
