northern_steppe={
	location=3419
	color={
		219 121 41 
	}
	inland=yes
	outgoing={
		name="silkroad_node"
		path={
			1420 1022 1021 1020 1033 1393 1386 
		}
		control={
			4424.000000 1833.000000 4465.000000 1753.000000 4525.000000 1744.000000 4566.000000 1711.000000 4651.000000 1686.000000 4740.000000 1687.000000 
		}
	}
	outgoing={
		name="jetisu_node"
		path={
			1420 1022 1021 1020 1033 1393 1386 
		}
		control={
			4395.000000 1861.000000 4336.000000 1878.000000 4286.000000 1909.000000 4250.000000 1925.000000 4218.000000 1927.000000 4181.000000 1919.000000 4079.000000 1902.000000 
		}
	}
	outgoing={
		name="yan_node"
		path={
			1420 1022 1021 1020 1033 1393 1386 
		}
		control={
			4515.000000 1845.000000 4559.000000 1846.000000 4601.000000 1840.000000 4674.000000 1845.000000 4776.000000 1881.000000 4867.000000 1904.000000 5002.000000 1902.000000 5133.000000 1872.000000 5235.000000 1869.000000 5349.000000 1854.000000 5473.000000 1866.000000 5586.000000 1855.000000 5677.000000 1832.000000 5806.000000 1787.000000 
		}
	}
	members={
		3418 3419 3420 3421 3422 3429 3360 3359 3361 3363 3374 3368 3370 3371 3365 3364 3369 3366 3362 3372 3373 3377 3378 3367 3376 3379 3380 3381
		3375 3383 3384 3385 3386 3382 3387 3389 3393 3388 3394 3390 3392 3395 7482 7483 7484 7485 7009 7010 7011 7012 7013 7014 7015 7017 7018 7020
		7043 7044 5991 6065 6038 6031 6026 1706 1697 5947 6016 5944 6055 5984 5941 6000 6005 5994 5995 6008 6050 6075 5987 6091 6047 1732 1731 5912
		5939 5927 5925 7045 5938 5901 5898 5990 5893 5895 5879 5886 3391 3396 7058 7057 7056 7070 7067 7068 7051 7050 7049 7069 7071 7046 7047 7048
		7053 7054 7055 7052 7066 8599
		5509 5518 5519 5578 5603 6301 6305 6309 6326 6330 6334 6338 6430 6341 6346 6440 6444 6452 6455 6457 6462 6463 6465 6468 6470 6622 6682 6754 7200 8605 8364
	}
}
filipinas_node={
	location=6602
	color={
		153 185 104 
	}
	outgoing={
		name="yue_node"
		path={
			1420 1022 1021 1020 1033 1393 1386 
		}
		control={
			5925.000000 574.000000 5894.000000 590.000000 5829.000000 622.000000 5811.740234 686.799988 5813.000000 783.000000 5722.000000 853.000000 5628.000000 951.000000 
		}
	}
	outgoing={
		name="lacviet_node"
		path={
			1420 1022 1021 1020 1033 1393 1386 
		}
		control={
			5927.000000 564.000000 5901.000000 545.000000 5873.000000 536.000000 5842.000000 567.000000 5781.000000 595.000000 5724.000000 632.000000 5631.000000 656.000000 5503.000000 700.000000 5413.000000 747.000000 5328.000000 820.000000 5300.000000 872.000000 
		}
	}
	outgoing={
		name="champa_node"
		path={
			1420 1022 1021 1020 1033 1393 1386 
		}
		control={
			5941.000000 557.000000 5934.000000 550.000000 5929.000000 537.000000 5897.000000 515.000000 5851.000000 472.000000 5810.000000 438.000000 5766.000000 396.000000 5718.000000 351.000000 5569.000000 342.000000 5466.220215 357.040009 5370.000000 379.000000 5296.000000 402.000000 5252.000000 442.000000 
		}
	}
	members={
		6609 6610 6611 6612 6613 6614 6615 6616 6617 6618 6619 6620 6621 6623 6624 6625 6626 6627 6628 6629 6630 6631 6632 6633 6634 6635 6636 6637 6638 6639 6640 6641 6642 6643 6644 6645 6646 6647 6648 6649 6650 6651 6652 6653 6654 6655 6656 6657 6658 6659 6660 6661 6662 6663 6664 6665 6666 6667 6668 6669 6670 6671 6672 6673 6674 6675 6676 6677 6678 6679 6680 6681 6683 6684 6685 6686 6687 6688 6689 6690 6691 6692 6693 6694 6695 6696 6697 6698 6699 6700 6701 6702 6703 6704 6705 6706 6707 6708 6709 6710 6711 6712 6713 6714 6715 6716 6717 6718 6719 6720 6721 6722 6723 6724 6725 6726 6727 6728 6602 6741 6742 6743 6744 6745 6746 6747 6748 6749 6750 6751 6752 6753 6755 
	}
}
dronakadesa_node={
	location=7696
	color={
		53 158 145 
	}
	inland=yes
	outgoing={
		name="champa_node"
		path={
			555 
		}
		control={
			5137.000000 779.000000 5170.000000 772.000000 5199.000000 742.000000 5201.000000 714.000000 5210.000000 691.000000 5246.000000 670.000000 5252.000000 630.000000 5258.000000 575.000000 5241.000000 535.000000 
		}
	}
	outgoing={
		name="dvaravati_node"
		path={
			555 
		}
		control={
			5096.000000 765.000000 5057.000000 717.000000 5048.000000 669.000000 5036.000000 630.000000 
		}
	}
	outgoing={
		name="burma_node"
		path={
			555 
		}
		control={
			5092.000000 789.000000 5074.000000 798.000000 5086.000000 839.000000 5046.000000 841.000000 5021.000000 848.000000 4994.000000 865.000000 4987.000000 880.000000 4959.000000 889.000000 4927.000000 863.000000 4918.000000 823.000000 4917.000000 762.000000 4875.000000 777.000000 4853.000000 802.000000 
		}
	}
	members={
		7696 7697 7698 7699 7700 7701 7702 7703 7704 7705 7706 7707 7708 7709 7710 7711 7712 7713 7714 7715 7716 7717 7718 7719 7720 7721 7722 7723 7724 7725 7743 7744 7746 7747 7748 7749 7750 7751 7752 7753 7754 7755 7756 7757 7758 7759 7760 7761 7762 7763 7764 7765 7766 7767 7768 7769 7770 7771 7772 7773 7781 7782 7783 7784 7785 7786 7787 7788 7789 7790 7794 7795 7796 7797 7798 7799 7800 7801 7802 7803 
	}
}
yue_node={
	location=4527
	color={
		48 88 168 
	}
	outgoing={
		name="lacviet_node"
		path={
			1420 1022 1021 1020 1033 1393 1386 
		}
		control={
			5563.000000 961.000000 5571.000000 932.000000 5535.000000 901.000000 5490.000000 892.000000 5460.000000 867.000000 5392.000000 871.000000 5345.000000 881.000000 5296.000000 891.000000 
		}
	}
	outgoing={
		name="chu_node"
		path={
			1420 1022 1021 1020 1033 1393 1386 
		}
		control={
			5552.000000 1011.000000 5533.000000 1073.000000 5522.000000 1125.000000 5552.000000 1167.000000 5543.000000 1213.000000 5569.000000 1243.000000 
		}
	}
	outgoing={
		name="wu_node"
		path={
			1420 1022 1021 1020 1033 1393 1386 
		}
		control={
			5620.000000 934.000000 5804.000000 1036.000000 5908.000000 1160.000000 5951.000000 1302.000000 5859.000000 1354.000000 
		}
	}
	members={
		4495 4513 4514 4515 4516 4517 4518 4519 4520 4521 4522 4523 4524 4525 4526 4527 4528 4529 4531 4532 4533 4534 4535 4536 4537 4538 4539 4540 4541 4542 3220 6289 6290 6291 6292 6293 6294 6295 6296 
	}
}
wu_node={
	location=4428
	color={
		69 145 15 
	}
	outgoing={
		name="chu_node"
		path={
			1420 1022 1021 1020 1033 1393 1386 
		}
		control={
			5787.000000 1339.000000 5763.000000 1301.000000 5727.000000 1268.000000 5663.000000 1230.000000 5608.000000 1278.000000 5560.000000 1278.000000 
		}
	}
	outgoing={
		name="upper_huai_node"
		path={
			1420 1022 1021 1020 1033 1393 1386 
		}
		control={
			5783.000000 1352.000000 5728.000000 1384.000000 5688.000000 1380.000000 5646.000000 1406.000000 
		}
	}
	outgoing={
		name="huaisi_node"
		path={
			1420 1022 1021 1020 1033 1393 1386 
		}
		control={
			5813.000000 1368.000000 5767.000000 1412.000000 5752.000000 1451.000000 
		}
	}
	members={
		4403 4404 4405 4406 4407 4408 4409 4412 4419 4423 4426 4427 4428 4429 4430 4431 4432 4433 4434 4435 4436 4437 4438 4439 4440 4441 4442 4443 4444 4445 4446 4447 4448 4449 4450 4451 4452 4453 4454 4455 4496 4497 4498 4499 4500 4504 4505 4508 4509 4510 4511 4512 
	}
}
chu_node={
	location=4480
	color={
		160 44 95 
	}
	inland=yes
	outgoing={
		name="upper_huai_node"
		path={
			1420 1022 1021 1020 1033 1393 1386 
		}
		control={
			5558.000000 1295.000000 5590.000000 1361.000000 5622.000000 1390.000000 
		}
	}
	outgoing={
		name="bashu_node"
		path={
			1420 1022 1021 1020 1033 1393 1386 
		}
		control={
			5514.000000 1295.000000 5463.000000 1310.000000 5374.000000 1300.000000 5321.000000 1266.000000 5295.000000 1245.000000 
		}
	}
	outgoing={
		name="huang_he_node"
		path={
			1420 1022 1021 1020 1033 1393 1386 
		}
		control={
			5525.000000 1338.000000 5552.000000 1407.000000 5579.000000 1462.000000 
		}
	}
	members={
		4206 4215 4217 4220 4221 4222 4223 4224 4225 4226 4227 4369 4379 4380 4381 4382 4385 4388 4396 4411 4456 4457 4458 4459 4460 4461 4462 4463 4464 4465 4466 4467 4468 4469 4470 4471 4472 4473 4474 4475 4476 4477 4478 4479 4480 4481 4482 4483 4484 4485 4486 4487 4488 4489 4490 4491 4492 4493 4494 4501 4502 4503 4506 4507 4530 4544 4548 
	}
}
upper_huai_node={
	location=4392
	color={
		179 223 56 
	}
	outgoing={
		name="huang_he_node"
		path={
			1420 1022 1021 1020 1033 1393 1386 
		}
		control={
			5607.000000 1437.000000 5613.000000 1462.000000 
		}
	}
	outgoing={
		name="huaisi_node"
		path={
			1420 1022 1021 1020 1033 1393 1386 
		}
		control={
			5658.000000 1451.000000 5712.000000 1444.000000 
		}
	}
	members={
		4324 4339 4342 4343 4353 4354 4355 4356 4363 4366 4367 4368 4371 4372 4373 4374 4375 4376 4378 4383 4384 4386 4387 4389 4390 4391 4392 4393 4394 4395 4397 4398 4399 4400 4401 4402 4410 4413 4414 4415 4416 4417 4418 4420 4421 4422 4424 4425 
	}
}
huaisi_node={
	location=4295
	color={
		56 123 214 
	}
	outgoing={
		name="linzi_node"
		path={
			1420 1022 1021 1020 1033 1393 1386 
		}
		control={
			5726.000000 1525.000000 
		}
	}
	outgoing={
		name="huang_he_node"
		path={
			1420 1022 1021 1020 1033 1393 1386 
		}
		control={
			5673.000000 1500.000000 5635.000000 1474.000000 
		}
	}
	members={
		4283 4291 4292 4293 4294 4295 4296 4297 4298 4299 4300 4303 4304 4305 4306 4307 4308 4309 4310 4311 4312 4314 4315 4316 4317 4318 4319 4320 4321 4322 4323 4325 4326 4327 4328 4329 4330 4331 4332 4333 4334 4335 4336 4337 4338 4340 4341 4344 4345 
	}
}
buyeo_node={
	location=6068
	color={
		40 88 74 
	}
	inland=yes
	outgoing={
		name="yan_node"
		path={
			1420 1022 1021 1020 1033 1393 1386 
		}
		control={
			5961.000000 1806.000000 5929.000000 1772.000000 5891.000000 1753.000000 5833.000000 1742.000000 5772.000000 1699.000000 
		}
	}
	outgoing={
		name="gojoseon_node"
		path={
			1420 1022 1021 1020 1033 1393 1386 
		}
		control={
			6001.000000 1803.000000 6021.000000 1765.000000 6049.000000 1742.000000 6073.000000 1734.000000 
		}
	}
	outgoing={
		name="pyeongyangseong_node"
		path={
			1420 1022 1021 1020 1033 1393 1386 
		}
		control={
			6004.000000 1818.000000 6050.000000 1798.000000 6069.000000 1759.000000 6101.000000 1723.000000 6090.000000 1686.000000 6088.000000 1663.000000 
		}
	}
	members={
		6068 6069 6070 6071 6072 6073 6074 6077 6079 6080 6081 6082 6083 6084 6085 6086 6087 6088 6089 6090 6092 6093 6094 6095 6096 6097 6098 6099 6100 6101 6102 6103 6104 6105 6106 6107 6108 6109 6110 1687 5907 5981 5970 5972 5960 5965 5951 1694 8255 8354 8355 8356 8357 8358 8359 8360 8361 8362 8363 
	}
}
japan_node={
	location=7501
	color={
		219 32 33 
	}
	outgoing={
		name="jinhan_node"
		path={
			1420 1022 1021 1020 1033 1393 1386 
		}
		control={
			6229.000000 1372.000000 6218.000000 1404.000000 6203.000000 1428.000000 
		}
	}
	members={
		7508 7509 7510 7511 7512 7513 7514 7515 7516 7517 7518 7519 7520 7521 7522 7523 7524 8331 8332 8333 8334 8335 8336 8337 8338 8339 8340 8341 8342 8343 8344 8345 8346 8347 8348 7501 
	}
}
jinhan_node={
	location=1714
	color={
		108 51 21 
	}
	outgoing={
		name="pyeongyangseong_node"
		path={
			1420 1022 1021 1020 1033 1393 1386 
		}
		control={
			6175.000000 1445.000000 6149.000000 1435.000000 6111.000000 1426.000000 6068.000000 1453.000000 6082.000000 1493.000000 6082.000000 1535.000000 6076.000000 1572.000000 6067.000000 1605.000000 6083.000000 1625.000000 
		}
	}
	members={
		5932 5948 5950 5952 5998 1713 5999 6001 6002 6003 6004 6006 6009 6007 6011 6010 6014 6015 6012 6013 6022 6024 6025 6030 6029 6027 6032 6035 6033 6034 6036 5906 5908 5905 5904 1695 5913 1692 6037 6040 1712 6041 6043 6042 6044 6045 6048 6049 6046 6053 6052 6051 5996 5993 5997 5988 5989 5992 5978 5977 5980 5979 1735 1734 1733 5976 1711 5973 5975 5971 5968 5969 6021 6019 6018 6020 6017 1714 
	}
}
pyeongyangseong_node={
	location=5889
	color={
		216 5 8 
	}
	outgoing={
		name="gojoseon_node"
		path={
			1420 1022 1021 1020 1033 1393 1386 
		}
		control={
			6060.000000 1666.000000 6047.000000 1696.000000 6064.000000 1714.000000 
		}
	}
	outgoing={
		name="linzi_node"
		path={
			1420 1022 1021 1020 1033 1393 1386 
		}
		control={
			6067.000000 1630.000000 6050.000000 1625.000000 6001.000000 1622.000000 5962.000000 1615.000000 5891.000000 1615.000000 5820.000000 1612.000000 5770.000000 1589.000000 5761.000000 1565.000000 
		}
	}
	members={
		1690 5892 1698 5985 5986 5982 1700 1701 1689 1699 1688 5890 5889 1708 1707 1685 1705 5902 5903 5900 5899 1691 5911 1693 5910 5909 1696 5887 1709 5896 5897 5894 5967 5966 5963 5964 5958 5959 5962 5961 5953 5954 5955 5956 5957 5945 5946 5943 5942 5940 1702 5936 5934 5935 5937 5933 5931 5929 5928 5926 5924 5914 5915 5917 5916 5918 5923 5922 5921 5919 5920 
	}
}
gojoseon_node={
	location=1720
	color={
		64 7 87 
	}
	outgoing={
		name="yan_node"
		path={
			1420 1022 1021 1020 1033 1393 1386 
		}
		control={
			6021.000000 1727.000000 5964.000000 1753.000000 5880.000000 1738.000000 5821.000000 1705.000000 5763.000000 1687.000000 
		}
	}
	members={
		4652 4651 3995 1727 1684 1739 1728 1723 1724 1726 1683 1725 1682 1722 1721 1720 1719 1736 1730 1738 1729 5883 5884 1710 5885 5881 5880 5882 3074 1741 1686 6056 6057 6058 6059 6060 6061 6062 6063 6064 5974 6078 6076 4638 4637 4635 4636 4642 3998 4643 4644 4001 4000 4640 3999 4641 3996 4002 3994 4646 4645 4647 4649 4650 4003 4004 1716 1717 1718 1681 6066 6067 
	}
}
yan_node={
	location=4015
	color={
		112 139 168 
	}
	outgoing={
		name="linzi_node"
		path={
			1420 1022 1021 1020 1033 1393 1386 
		}
		control={
			5726.000000 1620.000000 5738.000000 1570.000000 
		}
	}
	outgoing={
		name="jin_node"
		path={
			1420 1022 1021 1020 1033 1393 1386 
		}
		control={
			5659.000000 1655.000000 5592.000000 1596.000000 5504.000000 1569.000000 
		}
	}
	outgoing={
		name="huang_he_node"
		path={
			1420 1022 1021 1020 1033 1393 1386 
		}
		control={
			5691.000000 1640.000000 5629.000000 1555.000000 
		}
	}
	members={
		3398 3399 3400 4005 4006 4007 4008 4009 4010 4011 4012 4013 4014 4015 4016 4017 4018 4019 4020 4021 4022 4023 4024 4025 4026 4027 4028 4029 4030 4031 4032 4033 4034 4035 4036 4037 4038 4039 4040 4041 4042 4043 4044 4045 4046 4047 4048 4049 4050 4051 5888 5891 5878 3997 4377 6028 4616 4653 4648 4639 1704 1703 1740 6023 6054 1737 
	}
}
linzi_node={
	location=4263
	color={
		58 72 185 
	}
	outgoing={
		name="huang_he_node"
		path={
			1420 1022 1021 1020 1033 1393 1386 
		}
		control={
			5720.000000 1556.000000 5670.000000 1531.000000 5643.000000 1495.000000 
		}
	}
	members={
		4252 4253 4254 4255 4256 4257 4258 4259 4261 4262 4263 4264 4265 4266 4267 4268 4269 4270 4273 4274 4275 4276 4277 4278 4279 4280 4281 4282 4284 4285 4286 4287 4288 4289 4290 4301 4302 4313 4608 
	}
}
jin_node={
	location=4062
	color={
		102 186 43 
	}
	outgoing={
		name="huang_he_node"
		path={
			1420 1022 1021 1020 1033 1393 1386 
		}
		control={
			5502.000000 1521.000000 5530.000000 1510.000000 5546.000000 1486.000000 5595.000000 1489.000000 
		}
	}
	outgoing={
		name="qin_node"
		path={
			1420 1022 1021 1020 1033 1393 1386 
		}
		control={
			5447.000000 1532.000000 5445.000000 1493.000000 5411.000000 1481.000000 
		}
	}
	outgoing={
		name="silkroad_node"
		path={
			1420 1022 1021 1020 1033 1393 1386 
		}
		control={
			5444.000000 1562.000000 5365.000000 1550.000000 5316.000000 1532.000000 5208.000000 1554.000000 5128.000000 1580.000000 5041.000000 1635.000000 4996.000000 1659.000000 4938.000000 1699.000000 4800.000000 1697.000000 
		}
	}
	members={
		4052 4053 4054 4055 4056 4057 4058 4059 4060 4061 4062 4063 4064 4065 4066 4068 4069 4070 4071 4072 4073 4074 4075 4076 4077 4078 4079 4133 4134 4135 4136 4137 4138 4139 4140 4141 4142 4143 4144 4145 4146 4147 4151 4152 4153 4155 4156 4158 4159 4160 5930 6039 
	}
}
huang_he_node={
	location=4359
	color={
		215 219 109 
	}
	outgoing={
		name="qin_node"
		path={
			1420 1022 1021 1020 1033 1393 1386 
		}
		control={
			5548.000000 1468.000000 5511.000000 1479.000000 5458.000000 1463.000000 5409.000000 1460.000000 
		}
	}
	members={
		4067 4080 4081 4082 4083 4084 4085 4086 4087 4088 4089 4090 4091 4092 4093 4094 4095 4096 4097 4098 4099 4100 4101 4102 4103 4104 4105 4106 4107 4108 4109 4110 4111 4112 4113 4114 4115 4116 4117 4118 4119 4120 4121 4122 4123 4124 4125 4126 4127 4128 4129 4130 4131 4132 4212 4260 4271 4272 4346 4347 4348 4349 4350 4351 4352 4357 4358 4359 4360 4361 4362 4364 4370 4365 
	}
}
qin_node={
	location=4196
	color={
		160 110 73 
	}
	inland=yes
	outgoing={
		name="silkroad_node"
		path={
			1420 1022 1021 1020 1033 1393 1386 
		}
		control={
			5341.000000 1447.000000 5264.000000 1463.000000 5220.000000 1471.000000 5158.000000 1517.000000 5092.000000 1565.000000 5029.000000 1626.000000 4937.000000 1675.000000 4830.000000 1685.000000 
		}
	}
	outgoing={
		name="bashu_node"
		path={
			1420 1022 1021 1020 1033 1393 1386 
		}
		control={
			5378.000000 1446.000000 5343.000000 1437.000000 5294.000000 1430.000000 5270.000000 1398.000000 5242.000000 1364.000000 5276.000000 1299.000000 5271.000000 1249.000000 
		}
	}
	members={
		4148 4149 4150 4161 4163 4165 4166 4167 4168 4169 4170 4171 4172 4173 4174 4176 4177 4178 4179 4180 4181 4184 4185 4186 4187 4188 4189 4190 4191 4192 4193 4194 4195 4196 4197 4198 4199 4200 4201 4202 4203 4204 4205 4207 4208 4209 4210 4211 4213 4214 4216 
	}
}
bashu_node={
	location=4246
	color={
		58 72 185 
	}
	inland=yes
	outgoing={
		name="dian_node"
		path={
			1420 1022 1021 1020 1033 1393 1386 
		}
		control={
			5233.000000 1226.000000 5182.000000 1195.000000 5154.000000 1147.000000 5156.000000 1103.000000 5137.000000 1072.000000 
		}
	}
	members={
		4175 4182 4183 4218 4219 4228 4229 4230 4231 4232 4233 4234 4235 4236 4237 4238 4239 4240 4241 4242 4243 4244 4245 4246 4247 4248 4249 4250 4251 4543 4547 
	}
}
dian_node={
	location=4563
	color={
		206 137 57 
	}
	inland=yes
	outgoing={
		name="burma_node"
		path={
			1420 1022 1021 1020 1033 1393 1386 
		}
		control={
			5087.000000 1054.000000 5044.000000 1082.000000 4947.000000 1108.000000 4900.629883 1043.430054 4892.000000 1015.000000 4844.000000 964.000000 4841.000000 900.000000 4855.000000 846.000000 
		}
	}
	outgoing={
		name="lacviet_node"
		path={
			1420 1022 1021 1020 1033 1393 1386 
		}
		control={
			5121.000000 1031.000000 5138.000000 1001.000000 5177.000000 978.000000 5207.000000 950.000000 5233.000000 924.000000 5264.000000 902.000000 
		}
	}
	members={
		4545 4549 4559 4560 4561 4557 4564 4565 4566 4555 4556 4558 4562 4563 4550 4551 4552 4553 4554 4546 
	}
}
lacviet_node={
	location=1664
	color={
		31 111 83 
	}
	outgoing={
		name="champa_node"
		path={
			555 
		}
		control={
			5274.000000 875.000000 5287.000000 841.000000 5288.000000 791.000000 5311.000000 754.000000 5358.000000 706.000000 5382.000000 686.000000 5402.000000 646.000000 5409.000000 605.000000 5414.000000 546.000000 5400.000000 492.000000 5358.000000 467.000000 5324.000000 452.000000 5274.000000 474.000000 
		}
	}
	members={
		1657 1658 1659 1660 1661 1662 1663 1664 1665 1666 1667 1668 1669 1670 1671 1672 1673 1674 1675 1676 1677 1678 1679 1680 7776 7777 7779 7780
		7793 7774 7775 7778 7791 7792 7560 7561 7562 7563 7564 7565 7566 7567 7568 7569 7570 7571 7572 7573 7574 8603 8604
	}
}
silkroad_node={
	location=4576
	color={
		207 171 188 
	}
	inland=yes
	outgoing={
		name="sogdia_node"
		path={
			317 314 298 299 288 289 1287 
		}
		control={
			4696.000000 1671.000000 4594.000000 1666.000000 4531.000000 1639.000000 4474.000000 1609.000000 4419.000000 1582.000000 4342.000000 1555.000000 4183.000000 1560.000000 4117.000000 1575.000000 4006.000000 1650.000000 3863.000000 1707.000000 3779.000000 1682.000000 3730.000000 1690.000000 
		}
	}
	members={
		3437 3431 3430 3426 3427 3425 3424 3438 3432 3433 3434 3435 3436 3417 3416 3423 4154 4157 4162 4164 4567 4568 4569 4570 4571 4572 4573 4574 4575 4576 4577 4578 4582 3303 3304 3318 3305 3308 3306 3307 3309 3310 3313 3311 3312 3331 3314 3326 3327 3328 3320 3319 3321 3322 3330 3323 3324 3325 3315 3317 3329 3316 3353 3302 7432 7433 7434 7435 7436 5949 
	}
}
aethiopia_interior_node={
	location=3287
	color={
		142 66 58 
	}
	inland=yes
	outgoing={
		name="libya_node"
		path={
			317 314 298 299 288 289 1287 
		}
		control={
			1400.000000 676.000000 1294.000000 809.000000 1270.000000 860.000000 1179.000000 992.000000 1224.000000 1026.000000 1250.000000 982.000000 1346.000000 1070.000000 1396.000000 1131.000000 
		}
	}
	outgoing={
		name="aethiopia_node"
		path={
			317 314 298 299 288 289 1287 
		}
		control={
			1512.000000 533.000000 1662.000000 576.000000 1778.000000 550.000000 2049.000000 465.000000 2308.000000 513.000000 2409.000000 556.000000 
		}
	}
	outgoing={
		name="nigritae_regio_node"
		path={
			317 314 298 299 288 289 1287 
		}
		control={
			1437.000000 505.000000 1375.000000 429.000000 1278.000000 361.000000 1200.170044 381.269989 1121.000000 418.000000 1112.000000 505.000000 1050.000000 554.000000 973.000000 637.000000 953.000000 671.000000 929.000000 707.000000 916.000000 735.000000 889.000000 745.000000 827.000000 742.000000 
		}
	}
	members={
		3286 3284 919 918 682 683 917 681 680 3287 3288 920 860 861 909 910 913 912 914 911 916 6538 6540 6541 6971 6972 8373 8374 8375 8376 8377 8378
		8379 8380 8381 8382 8383 8384 8392 8393 8394 8395 8396 8397 8398 8399 8400 8401 8402 8403 8404 8405 8406 8407 8408 8409 8410 8411 8412 8413
		8414 8415 8416 8417 8418 8419 8420 8421 8422 8423 8424 8425 8426 8427 8428 8429 8430 8431 8432 8433 8434 8435 8436 8437 8438 8439 8440 8441
		8442 8443 8444 8445 8446 8447 8448 8449 8450 8451 8452 8453 8454 8455 8456 8457 8458 8459 8460 8461 8462 8463 8464 8465 8466 8467 8468 8469
		8470 8471 8472 8474 8475 8629
	}
}
nigritae_regio_node={
	location=8097
	color={
		35 12 36 
	}
	inland=yes
	outgoing={
		name="mauretania_node"
		path={
			317 314 298 299 288 289 1287 
		}
		control={
			756.000000 725.000000 677.000000 719.000000 627.000000 731.000000 572.000000 764.000000 498.000000 795.000000 424.000000 817.000000 332.000000 852.000000 353.000000 947.000000 426.000000 1004.000000 465.000000 1061.000000 494.000000 1111.000000 463.000000 1153.000000 489.000000 1189.000000 548.000000 1214.000000 627.000000 1248.000000 691.000000 1265.000000 709.000000 1341.000000 702.000000 1411.000000 
		}
	}
	outgoing={
		name="hesperia_aethiopia_node"
		path={
			317 314 298 299 288 289 1287 
		}
		control={
			800.000000 702.000000 767.000000 668.000000 756.000000 633.000000 730.000000 604.000000 660.000000 564.000000 612.000000 562.000000 562.000000 510.000000 486.000000 458.000000 394.000000 427.000000 
		}
	}
	members={
		3265 3282 3283 8058 8059 8060 8061 8062 8063 8068 8069 8070 8071 8072 8073 8074 8075 8076 8077 8078 8079 8080 8081 8082 8083 8084 8085 8086 8087 8090 8091 8092 8093 8094 8095 8096 8097 8098 8099 8100 8115 8116 8117 8118 8119 8120 8121 8122 8123 8124 8125 8126 8127 8128 8129 8130 8131 8132 8133 8134 8135 8136 8137 8138 8139 8142 8143 8144 8145 8146 8147 8148 8149 8150 8009 8010 8011 8012 8013 8014 8015 8016 8017 8018 8019 8277 
	}
}
hesperia_aethiopia_node={
	location=1318
	color={
		12 72 32 
	}
	outgoing={
		name="atlantic_coast"
		path={
			317 314 298 299 288 289 1287 
		}
		control={
			281.000000 460.000000 216.000000 528.000000 188.000000 618.000000 223.000000 727.000000 226.000000 815.000000 205.000000 893.000000 227.000000 991.000000 288.000000 1074.000000 337.000000 1151.000000 393.000000 1215.000000 461.000000 1237.000000 501.000000 1285.000000 507.000000 1348.000000 545.000000 1399.000000 615.000000 1445.000000 641.000000 1496.000000 
		}
	}
	members={
		693 921 922 923 924 925 3264 3266 3267 3268 3269 3274 3275 3276 3277 8002 8003 8004 8005 8006 8007 8008 8020 8021 8022 8023 8024 8025 8026 8027 8028 8029 8030 8031 8032 8033 8034 8035 8036 8037 8038 8039 8040 8041 8042 8043 8044 8045 8046 8047 8048 8049 8050 8051 8052 8053 8054 8055 8056 8057 8064 8065 8066 8067 8088 8089 8140 8141 1318 3256 3257 3258 3259 3260 3261 3262 3263 8275 
	}
}
britannia_node={
	location=320
	color={
		144 165 219 
	}
	outgoing={
		name="britannic_sea_node"
		path={
			317 314 298 299 288 289 1287 
		}
		control={
			885.000000 2198.000000 881.000000 2158.000000 876.000000 2111.000000 
		}
	}
	members={
		324 322 326 323 325 319 321 320 311 318 309 310 312 301 313 316 317 314 315 328 329 330 332 327 334 333 335 336 337 331 339 338 342 343 346 347 344 345 340 341 348 349 355 356 358 360 359 361 362 363 364 308 307 300 298 297 296 8253 8251 8250 8252 8259 8254 8247 8246 8245 8248 8233 8232 8242 8230 8238 8237 8236 8239 8240 8241 8243 8244 8249 
	}
}
suebian_sea_node={
	location=1254
	color={
		150 188 52 
	}
	outgoing={
		name="germania_node"
		path={
			1833 1831 1829 1786 1784 1783 1759 1758 
		}
		control={
			1476.000000 2249.000000 1376.000000 2245.000000 1284.000000 2214.000000 1247.000000 2178.000000 
		}
	}
	outgoing={
		name="suebia_node"
		path={
			1869 1868 1878 1879 
		}
		control={
			1538.000000 2271.000000 1571.000000 2204.000000 
		}
	}
	members={
		1261 1260 1251 1252 1253 1258 1259 1257 1254 1255 1256 1262 1818 1817 1819 1820 1825 1822 1821 1823 1824 1826 1814 1813 1812 1833 1831 1835 1837 1869 1871 1873 1874 1892 1894 1895 1896 1897 1920 6480 6481 6482 6483 6484 6485 6486 6487 6488 6489 8158 8156 8155 8162 8196 8163 8164 8198 8165 8166 8167 8168 8169 8176 8178 8177 8197 8321 8322 8323 8324 8325 8326 8327 8328 8329 8330 8365 8366 8367 8368 8369 8370 8371 8372 
	}
}
suebia_node={
	location=1879
	color={
		66 150 105 
	}
	inland=yes
	outgoing={
		name="dacia_node"
		path={
			1881 1883 1909 1907 1917 1924 1952 
		}
		control={
			1596.000000 2147.000000 1657.000000 2106.000000 1708.000000 2095.000000 1791.000000 2108.000000 1830.000000 2032.000000 1821.000000 1976.000000 
		}
	}
	outgoing={
		name="germania_node"
		path={
			1878 1842 1841 1799 1794 1788 1762 1760 1758 
		}
		control={
			1507.000000 2202.000000 1415.000000 2160.000000 1348.000000 2144.000000 1281.000000 2157.000000 
		}
	}
	outgoing={
		name="noricum_node"
		path={
			1846 1845 1856 1859 1860 1853 1223 1222 1203 
		}
		control={
			1547.000000 2139.000000 1521.000000 2100.000000 1556.000000 2030.000000 1554.000000 2008.000000 1506.000000 2005.000000 
		}
	}
	members={
		1887 1840 1875 1888 1893 1889 1891 1886 1890 1883 1885 1879 1846 1848 1881 1884 1877 1872 1868 1876 1880 1838 1842 1844 1870 1878 1832 1836
		1834 1839 1806 1841 1801 1807 1843 1845 1847 1862 1882 1909 1910 2024 1898 2025 1969 1970 1900 1901 1899 2030 2031 8160 8161 8179 8173 8182
		8181 8172 8171 8175 8174 2026 2027 7327 8186 8187 8188 8193 8194
	}
}
germania_node={
	location=1758
	color={
		137 83 48 
	}
	outgoing={
		name="britannic_sea_node"
		path={
			1751 492 491 490 1266 1267 1287 
		}
		control={
			1110.000000 2180.000000 1038.000000 2161.000000 950.000000 2116.000000 
		}
	}
	outgoing={
		name="belgica_node"
		path={
			1751 510 512 514 498 499 
		}
		control={
			1193.000000 2142.000000 1150.000000 2116.000000 1111.000000 2088.000000 
		}
	}
	outgoing={
		name="raetia_node"
		path={
			1752 1763 1769 1770 1774 1205 471 
		}
		control={
			1226.000000 2101.000000 1239.000000 2047.000000 1267.000000 2012.000000 
		}
	}
	members={
		1752 1800 1803 1749 1769 1751 1763 1765 1742 1744 1745 1746 1754 1756 1755 1782 1781 1748 1750 1747 1753 1757 1784 1792 1783 1787 1793 1760 1758 1759 1764 1761 1788 1795 1762 1767 1794 1786 1785 1789 1790 1791 490 491 492 510 511 507 1766 1768 1796 1798 1799 1830 1829 1811 1809 1810 1816 1815 8170 8159 8153 8154 8157 1743 
	}
}
britannic_sea_node={
	location=1287
	color={
		150 43 81 
	}
	outgoing={
		name="gallia_node"
		path={
			455 456 458 459 435 
		}
		control={
			909.000000 2053.000000 920.000000 1998.000000 
		}
	}
	outgoing={
		name="gallic_sea"
		path={
			448 447 446 441 1295 1300 1297 
		}
		control={
			779.000000 2058.000000 706.000000 2028.000000 730.000000 1988.000000 800.000000 1958.000000 849.000000 1879.000000 820.000000 1836.000000 
		}
	}
	members={
		8260 8261 1287 1289 1290 1291 1286 1285 1267 486 489 444 445 447 448 449 450 455 478 483 484 295 294 293 291 290 292 2114 289 288 285 286 282 287 283 284 281 280 279 278 277 302 305 306 303 304 350 351 352 353 354 299 357 8257 8235 8231 8234 8227 8226 8256 8258 442 443 446 8641 8662
	}
}
belgica_node={
	location=499
	color={
		0 99 53 
	}
	inland=yes
	outgoing={
		name="gallia_node"
		path={
			500 462 459 435 
		}
		control={
			1033.000000 2067.000000 987.000000 2052.000000 952.000000 1991.000000 
		}
	}
	outgoing={
		name="narbonensis_node"
		path={
			500 463 464 427 424 
		}
		control={
			1076.000000 2034.000000 1062.000000 1983.000000 1035.000000 1937.000000 
		}
	}
	outgoing={
		name="raetia_node"
		path={
			502 508 509 505 1771 1773 471 
		}
		control={
			1138.000000 2047.000000 1187.000000 1999.000000 
		}
	}
	members={
		8262 8263 8264 482 485 487 488 497 499 500 501 502 503 477 504 505 506 508 509 513 514 498 496 495 493 494 512 475 474 383 384 8677 8668 8667 8666 8665 8664 8663 481 480 479 
	}
}
gallia_node={
	location=435
	color={
		234 195 18 
	}
	inland=yes
	outgoing={
		name="gallic_sea"
		path={
			437 420 407 1296 1297 
		}
		control={
			919.000000 1940.000000 911.000000 1899.000000 881.000000 1889.000000 863.000000 1888.000000 849.000000 1851.000000 823.000000 1821.000000 
		}
	}
	outgoing={
		name="narbonensis_node"
		path={
			434 430 424 
		}
		control={
			955.000000 1928.000000 1007.000000 1927.000000 
		}
	}
	members={
		428 429 434 432 437 433 435 436 431 427 430 438 451 452 453 454 459 458 456 457 461 464 463 462 460 8688 8682 426 8687 8686 8683 467 466 465 476
	}
}
gallic_sea={
	location=1297
	color={
		126 172 85 
	}
	outgoing={
		name="atlantic_coast"
		path={
			236 237 219 206 205 260 187 188 182 180 173 133 135 136 1337 
		}
		control={
			637.000000 1834.000000 519.000000 1812.000000 540.000000 1697.000000 521.000000 1599.000000 554.000000 1539.000000 627.000000 1539.000000 
		}
	}
	outgoing={
		name="hispania_node"
		path={
			241 240 217 
		}
		control={
			778.000000 1809.000000 840.000000 1779.000000 
		}
	}
	outgoing={
		name="lusitania_node"
		path={
			235 264 224 222 223 200 194 
		}
		control={
			745.000000 1813.000000 681.000000 1758.000000 630.000000 1705.000000 
		}
	}
	members={
		1297 226 229 230 233 234 235 236 238 241 242 413 414 408 407 417 418 440 441 231 232 8492 8493 8494 8495 8496 8497 8498 8499 8500 8501 8503 
		8504 8505 8506 8507 8508 8509 8510 8512 8513 8514 8515 8516 8517 237 8521 8522 8527 8525 8523 8524 6507 8558 8543 8544 8545 439 8640
	}
}
jetisu_node={
	location=3336
	color={
		92 95 109 
	}
	inland=yes
	outgoing={
		name="sogdia_node"
		path={
			1420 1022 1021 1020 1033 1393 1386 
		}
		control={
			4009.000000 1871.000000 3971.000000 1860.000000 3933.000000 1859.000000 3822.000000 1866.000000 3735.000000 1801.000000 3729.000000 1726.000000 3697.000000 1685.000000 3660.000000 1680.000000 
		}
	}
	members={
		3332 3333 3334 3335 3336 3337 3338 3339 3340 3341 3342 3343 3344 3345 3346 3351 5277 5278 5279 5280 5281 5283 5284 5286 5287 5288 5289 5290 5291 5293 5294 7438 7439 7440 7441 7442 7443 7444 7445 7446 7447 7448 7449 7450 7451 7452 7453 7454 7455 7456 7457 7458 7459 7460 7461 7462 7463 7464 7465 7466 7467 7468 7469 7470 7471 7472 7473 7474 7475 7476 7477 7478 7479 7480 7481 7486 7019 7008 7033 7035 7030 7024 7021 7016 5983 7059 7065 
	}
}
sogdia_node={
	location=2864
	color={
		137 125 193 
	}
	inland=yes
	outgoing={
		name="bactria_node"
		path={
			2871 2866 2868 2833 2834 2835 2848 2840 2725 
		}
		control={
			3625.000000 1617.000000 
		}
	}
	outgoing={
		name="chorasamia_node"
		path={
			2871 2866 2868 2833 2834 2835 2848 2840 2725 
		}
		control={
			3621.000000 1679.000000 3575.000000 1680.000000 3543.000000 1656.000000 3525.000000 1638.000000 3485.000000 1671.000000 3460.000000 1709.000000 3423.000000 1733.000000 3370.000000 1753.000000 
		}
	}
	members={
		2864 2869 2865 2861 2866 2871 2863 2867 2870 2868 2873 2872 2862 2892 2890 2889 2911 2897 2891 2894 2893 2895 2896 3352 3348 3349 3350 3347 2844 4737 4738 4739 4740 4741 4742 5072 5073 5074 5075 5076 5077 5078 5079 5080 5081 5082 5083 5084 5126 5127 5128 5129 5130 5131 5132 5133 5134 5135 5136 5137 5168 5169 5170 5171 5172 5236 5237 5238 5239 5240 5241 5242 5243 5244 5245 5246 5247 5248 5253 5254 5255 5256 5257 5258 5259 5260 5261 5262 5263 5264 5265 5266 5267 5268 5269 5270 5271 5272 5273 5274 5275 5276 5282 5250 5251 5252 5249 5085 5285 5292 5295 
	}
}
chorasamia_node={
	location=2876
	color={
		173 205 96 
	}
	inland=yes
	outgoing={
		name="caucassus_node"
		path={
			2881 2851 2901 2903 2106 2104 2103 2091 2083 2087 2451 2446 
		}
		control={
			3301.000000 1759.000000 3275.000000 1734.000000 3261.000000 1696.000000 3204.000000 1667.000000 3189.000000 1609.000000 3152.000000 1558.000000 3082.000000 1538.000000 3022.000000 1537.000000 2966.000000 1563.000000 2920.000000 1587.000000 2914.000000 1677.000000 2870.000000 1682.000000 2827.000000 1714.000000 2775.000000 1738.000000 
		}
	}
	outgoing={
		name="sarmatia_node"
		path={
			2887 2901 2903 2904 2905 2064 1982 2056 2050 2052 2048 2047 1971 
		}
		control={
			3326.000000 1820.000000 3299.000000 1831.000000 3292.000000 1860.000000 3250.000000 1864.000000 3177.000000 1917.000000 3051.000000 1986.000000 2915.000000 1953.000000 2847.000000 1998.000000 2769.000000 2042.000000 2694.000000 2048.000000 2529.000000 2046.000000 2416.000000 2075.000000 2367.000000 2097.000000 
		}
	}
	members={
		2901 2909 2910 2902 2908 2106 2904 2905 2903 2907 2107 2098 2109 2110 2104 2111 2108 2100 2105 2881 2887 2882 2885 2888 2875 2878 2877 2876 2880 2879 2900
		2886 2899 2898 2874 5059 5060 5061 5062 5063 5064 5065 5066 5067 5068 5069 5070 5071 5173 5174 5175 5176 5177 5178 5179 5180 2884 5196 5198 5199 5200 5201
		5202 5203 5204 5205 5206 5207 5208 5209 5210 5211 5212 5213 5214 5215 5216 5217 5218 5219 5220 5231 5232 5233 5234 5235 5296 5297 5298 5299 5300 5301 5302
		5303 7362 7363 7364 7365 7366 7367 7368 7369 7370 7372 7373 7374 7375 7376 7377 7394 7395 7396 7397 7398 7399 7400 7401 7402 7403 7404 7405 7406 7407 7408
		7409 7410 7411 7412 7413 7414 7415 7416 7417 7418 7419 7420 7421 7422 7423 7424 7425 7426 7042 7041 7040 7037 7039 7027 7028 7029 7025 7036 7034 7032 7031
		7026 7023 7022 7038 7064 7062 7063 7060 7061 6120 6119 6148 6167 6151 6157 6155 7371 6154 6112 6164 6121 6159 4894 7219 7227 7182 7183 7184 7189 7312
	}
}
sarmatia_node={
	location=1971
	color={
		16 107 150 
	}
	inland=yes
	outgoing={
		name="ister_node"
		path={
			2040 2033 1976 1989 1988 1986 1431 1095 1094 1104 1106 1108 1119 
		}
		control={
			2282.000000 2062.000000 2274.000000 1964.000000 2179.000000 1953.000000 2114.000000 1908.000000 2050.000000 1906.000000 2046.000000 1864.000000 1959.000000 1838.000000 
		}
	}
	outgoing={
		name="dacia_node"
		path={
			2040 2036 1979 2021 2022 2023 1968 1967 1955 1952 
		}
		control={
			2236.000000 2073.000000 2119.000000 2017.000000 2047.209961 1951.369995 1980.000000 1920.000000 1880.000000 1925.000000 
		}
	}
	outgoing={
		name="black_sea"
		path={
			2041 2038 1981 2008 2007 1999 1434 
		}
		control={
			2311.000000 2056.000000 2374.000000 2012.000000 2360.000000 1980.000000 2290.000000 1949.000000 2345.000000 1882.000000 
		}
	}
	members={
		1964 2018 1963 2017 2016 2023 2028 1972 2021 2022 2020 1974 1973 1975 1979 1980 2029 1978 1977 2034 2035 2033 1971 2040 2043 2042
		2036 2041 2046 2047 2048 2049 2053 2054 2052 2057 2051 2062 2061 2060 2055 2063 1982 2056 2050 2059 2058 2044 1981 2039 2038 2045 3230 2037
		2019 1976 1987 2094 1983 2064 7191 7194 7196 7197 7198 7199 7201 7203 7204 7205 7206 7207 7208 7209 7211 7212 7213 7214 7215 7216
		7217 7218 7220 7221 7222 7223 7224 7225 7226 7228 7229 7230 7231 7232 7233 7234 7235 7236 7237 7238 7239 7240 7241 7242 7243 7244
		7245 7246 7247 7248 7249 7250 7251 7252 7253 7254 7255 7256 7257 7258 7259 7260 7261 7262 7263 7264 7265 7266 7267 7270 7271 7272 7273 7274
		7275 7276 7277 7278 7279 7280 7281 7282 7283 7284 7285 7286 7287 7288 7289 7290 7291 7292 7293 7294 7295 7296 7297 7298 7299 7300 7301 7304
		7305 7306 7307 7308 7309 7310 7314 7315 7316 7317 7318 7319 7320 7322 7323 7324 7325 7326 7328 7330 7331 2099 7332 7333 7334 7335 7336
		8192 8195 8184 8185 8189 8190 8191
	}
}
dacia_node={
	location=1952
	color={
		188 187 122 
	}
	inland=yes
	outgoing={
		name="ister_node"
		path={
			1949 1950 1934 1936 1935 1938 1119 
		}
		control={
			1855.000000 1917.000000 1886.000000 1896.000000 1892.000000 1863.000000 1908.000000 1838.000000 1932.000000 1839.000000 
		}
	}
	outgoing={
		name="noricum_node"
		path={
			1923 1916 1914 1247 1245 1244 1176 1230 1201 1203 
		}
		control={
			1763.000000 1971.000000 1654.000000 2006.000000 1560.000000 1974.000000 
		}
	}
	outgoing={
		name="illyria_node"
		path={
			1923 1916 1915 1247 1245 1243 1177 
		}
		control={
			1782.000000 1884.000000 1713.000000 1900.000000 1669.000000 1885.000000 1627.000000 1899.000000 1595.000000 1904.000000 
		}
	}
	members={
		1903 1905 1906 1907 1911 1916 1918 1923 1917 1914 1915 1912 1913 1953 1956 1959 1960 1954 1955 1965 1967 1966 1924 1948 1961 1962 1968 1941
		1946 1940 1957 1958 1934 1937 1950 1951 1932 1904 1908 1240 1242 1241 1238 1949 1952 1926 1936 1939 1942 1944 8102 8103 8104 8105 8106 8107
		8108 8109 8110 8111 8112 8113 8114 8183 8180 8592 2014 2015 8623 8624
	}
}
noricum_node={
	location=1203
	color={
		94 255 185 
	}
	inland=yes
	outgoing={
		name="raetia_node"
		path={
			1221 276 115 275 468 471 
		}
		control={
			1455.000000 1980.000000 1419.000000 1986.000000 1398.000000 2015.000000 1291.000000 2012.000000 
		}
	}
	outgoing={
		name="adria_node"
		path={
			1200 118 1392 78 64 65 72 
		}
		control={
			1501.000000 1920.000000 1490.000000 1886.000000 1500.630005 1851.349976 1530.000000 1819.000000 
		}
	}
	outgoing={
		name="illyria_node"
		path={
			1200 118 1392 78 64 65 72 
		}
		control={
			1533.000000 1954.000000 1571.000000 1921.000000 
		}
	}
	outgoing={
		name="italia_node"
		path={
			1200 118 1392 78 64 65 72 
		}
		control={
			1478.000000 1951.000000 1417.000000 1909.000000 1394.000000 1867.000000 1425.000000 1816.000000 
		}
	}
	members={
		1214 1213 1218 1219 1220 1203 1215 1221 1222 1228 1212 115 117 119 1200 1233 1198 1199 1202 1201 1229 1230 1231 1234 1235 1227 1226 1225 1223 1851 1852 1853 1854 1860 1859 1849 1804 1805 1855 1861 1808 1850 1856 1857 1858 1232 1237 1239 1902 1865 1864 1866 1863 8615 8612 8613 8614 8616
	}
}
raetia_node={
	location=471
	color={
		29 66 112 
	}
	inland=yes
	outgoing={
		name="italia_node"
		path={
			468 275 113 114 109 85 82 77 65 72 
		}
		control={
			1275.000000 1940.000000 1297.000000 1902.000000 1348.000000 1892.000000 1386.000000 1843.000000 1395.000000 1815.000000 
		}
	}
	outgoing={
		name="narbonensis_node"
		path={
			469 472 385 382 402 425 424 
		}
		control={
			1221.000000 1982.000000 1149.000000 1964.000000 1087.000000 1933.000000 1052.000000 1920.000000 
		}
	}
	members={
		110 111 112 470 468 380 377 378 379 385 472 473 471 469 1772 1773 1205 1204 1207 1209 1211 1208 1206 1210 1216 1217 1780 1776 1777 1779 1867 1771 1774 1802 100 1770 1775 1778 1797 8618 8619
	}
}
lusitania_node={
	location=194
	color={
		255 226 81 
	}
	inland=yes
	outgoing={
		name="atlantic_coast"
		path={
			193 190 179 173 133 135 136 1337 
		}
		control={
			633.000000 1642.000000 662.000000 1590.000000 651.000000 1563.000000 643.000000 1545.000000 
		}
	}
	outgoing={
		name="hispania_node"
		path={
			198 260 207 208 213 217 
		}
		control={
			690.000000 1678.000000 759.000000 1688.000000 
		}
	}
	members={
		194 198 189 188 201 202 187 186 183 181 182 180 190 193 197 200 227 224 222 223 203 225 206 205 204 221 219 8518 8519 8520 8531 8532 8530 8529 8528 8526 8537 8535 8542 8541 8540 8534 8533 8566 8567 8568 228 8502 8511
	}
}
hispania_node={
	location=217
	color={
		62 85 37 
	}
	inland=yes
	outgoing={
		name="narbonensis_node"
		path={
			216 245 244 265 391 396 397 423 424 
		}
		control={
			862.000000 1769.000000 897.000000 1751.000000 927.000000 1744.000000 993.000000 1740.000000 1036.000000 1782.000000 1032.000000 1868.000000 
		}
	}
	outgoing={
		name="iberian_coast"
		path={
			214 211 164 1342 
		}
		control={
			889.000000 1729.000000 930.000000 1700.000000 
		}
	}
	members={
		217 218 213 214 216 167 169 168 208 153 159 154 155 158 166 211 165 212 245 244 243 239 240 220 207 185 184 6492 6494 6495 6497 6498 6499 6503 6505 6511 6512 6513 6514 8557 8554 8551 8549 8548 8547 8546 8579 148 170 8578
	}
}
narbonensis_node={
	location=424
	color={
		255 185 135 
	}
	inland=yes
	outgoing={
		name="italia_node"
		path={
			425 401 376 373 370 365 94 1353 75 74 71 72 
		}
		control={
			1078.000000 1893.000000 1117.000000 1894.000000 1154.000000 1903.000000 1181.000000 1916.000000 1228.000000 1916.000000 1259.000000 1889.000000 1314.000000 1857.000000 1347.000000 1842.000000 1378.000000 1815.000000 
		}
	}
	outgoing={
		name="ligurian_coast"
		path={
			425 401 376 373 370 366 1352 
		}
		control={
			1059.000000 1874.000000 1105.000000 1845.000000 1137.000000 1821.000000 1152.000000 1796.000000 1203.000000 1805.000000 
		}
	}
	members={
		409 411 412 415 416 410 392 393 394 395 391 396 397 398 388 399 400 423 403 424 404 405 406 421 419 420 370 371 372 373 374 376 401 425 402 381 382 422 8559 8560 8674 8672 8671 8675 8679 8673 8669 8670 8680 8681 8676
	}
}
mauretania_node={
	location=527
	color={
		94 122 82 
	}
	inland=yes
	outgoing={
		name="atlantic_coast"
		path={
			526 523 516 1337 
		}
		control={
			680.000000 1427.000000 644.000000 1438.000000 655.000000 1492.000000 
		}
	}
	outgoing={
		name="iberian_coast"
		path={
			521 520 518 1339 1341 1342 
		}
		control={
			690.000000 1459.000000 699.000000 1496.000000 778.000000 1505.000000 848.000000 1533.000000 908.000000 1578.000000 939.000000 1624.000000 
		}
	}
	outgoing={
		name="numidia_node"
		path={
			551 553 556 566 565 572 573 585 586 600 603 611 
		}
		control={
			712.000000 1447.000000 758.000000 1438.000000 814.000000 1444.000000 870.000000 1456.000000 938.000000 1487.000000 1017.000000 1509.000000 1102.000000 1522.000000 1180.000000 1522.000000 1241.000000 1513.000000 
		}
	}
	members={
		560 563 564 561 558 566 594 595 565 553 556 596 555 551 526 527 528 529 545 541 540 542 543 536 689 690 691 692 538 539 635 634 633 531 544 522 521 550 552 
	}
}
atlantic_coast={
	location=1337
	color={
		98 52 145 
	}
	outgoing={
		name="iberian_coast"
		path={
			1338 1341 1342 
		}
		control={
			693.000000 1515.000000 777.000000 1526.000000 861.000000 1555.000000 917.000000 1609.000000 
		}
	}
	members={
		135 136 140 141 143 171 172 133 134 173 174 175 176 177 191 196 195 199 515 516 523 524 525 530 533 534 532 535 537 631 632 549 548 547 1337
		1308 1309 137 6508 8214 8539 8538 8536 192 6506 8564 8569 8570 8571 8572 8577 8573 178 179 8565
	}
}
iberian_coast={
	location=1342
	color={
		193 67 0 
	}
	outgoing={
		name="ligurian_coast"
		path={
			1343 1349 1350 1352 
		}
		control={
			995.000000 1717.000000 1062.000000 1752.000000 1071.000000 1801.000000 1131.000000 1791.000000 1187.000000 1784.000000 
		}
	}
	outgoing={
		name="mare_internum_node"
		path={
			1347 1365 1364 1359 1361 1367 
		}
		control={
			978.000000 1593.000000 1139.000000 1596.000000 1229.000000 1571.000000 1362.000000 1595.000000 
		}
	}
	members={
		138 139 145 146 142 144 147 149 150 151 152 156 157 164 209 210 215 255 246 248 247 249 250 251 253 252 160 161 162 163 517 518 519 554 557 559 562 567 568 575 1338 1339 1341 1340 1342 6490 6491 6493 6496 6500 6501 6502 6504 6509 6510 8550 8552 8553 8555 8575 8574 8576 8584 8580 8581 8582 8583
	}
}
italia_node={
	location=72
	color={
		198 55 33 
	}
	inland=yes
	outgoing={
		name="mare_internum_node"
		path={
			68 67 52 1370 1371 1367 
		}
		control={
			1418.000000 1776.000000 1435.000000 1754.000000 1417.000000 1733.000000 1478.000000 1704.000000 1528.000000 1671.000000 1444.000000 1637.000000 
		}
	}
	outgoing={
		name="adria_node"
		path={
			62 63 270 57 1390 
		}
		control={
			1427.000000 1789.000000 1446.000000 1805.000000 1463.000000 1810.000000 1508.000000 1805.000000 
		}
	}
	outgoing={
		name="ligurian_coast"
		path={
			71 74 75 1353 1352 
		}
		control={
			1380.000000 1804.000000 1355.000000 1805.000000 1283.000000 1836.000000 
		}
	}
	members={
		40 41 44 46 47 49 50 54 55 53 66 68 61 63 58 64 77 62 65 72 71 74 76 80 81 83 84 86 87 88 89 93 97 95 96 98 99 101 103 102 105 104 106 107 108 114 113 5634 5635 5638 5640 5641 5642 5644 6865 6867 6868 6869 6870 6871 6872 6873 6874 6875 6876 6877 6884 6885 6886 6889 6890 6891 6892 6893 6894 6895 6896 6897 6898 6899 5667 5668 5669 5670 5672 5673 5674 5675 5676 5677 5679 5680 5681 5666 5682 5683 7557 8608 8609 8610 8611 8617 
	}
}
ligurian_coast={
	location=1352
	color={
		40 145 56 
	}
	outgoing={
		name="mare_internum_node"
		path={
			1356 1357 1366 1372 1367 
		}
		control={
			1245.000000 1800.000000 1263.000000 1770.000000 1269.000000 1731.000000 1321.000000 1727.000000 1327.000000 1640.000000 
		}
	}
	members={
		390 389 387 386 368 369 367 366 365 94 92 91 90 79 75 120 70 73 69 125 126 132 127 121 122 123 124 67 52 51 48 256 254 1352 1353 1356 1355 1354 1357 5637 5639 5643 6238 6239 6863 6878 6879 6880 6881 6882 6883 5671 5636 8203 8204 8205 8206 8207 8209 8210 8211 8212 8213 6864 8265 8266 8267 8556 8607 8685 8689 8684 
	}
}
illyria_node={
	location=1177
	color={
		72 112 23 
	}
	inland=yes
	outgoing={
		name="ister_node"
		path={
			1178 1180 1181 1182 1183 1188 1189 1126 1125 1121 1119 
		}
		control={
			1670.000000 1869.000000 1723.000000 1872.000000 1749.000000 1878.000000 1781.000000 1860.000000 1810.000000 1862.000000 1843.000000 1829.000000 1899.000000 1823.000000 
		}
	}
	outgoing={
		name="adria_node"
		path={
			1159 1155 1389 1390 
		}
		control={
			1564.000000 1858.000000 1554.000000 1807.000000 
		}
	}
	outgoing={
		name="macedonia_node"
		path={
			1178 1180 1181 1185 1186 1195 1194 1197 1133 1131 1060 
		}
		control={
			1691.000000 1828.000000 1750.000000 1812.000000 1800.000000 1773.000000 
		}
	}
	members={
		1169 1173 1168 1159 1156 1160 1153 1154 1151 1143 1145 1147 1184 1186 1141 1195 1182 1179 1181 1185 1187 1246 1247 1248 1178 1180 1175 1176 1244 1243 1177 1172 1174 1245 1236 5860 5861 8597 8598
	}
}
ister_node={
	location=1119
	color={
		145 78 24 
	}
	inland=yes
	outgoing={
		name="propontis_node"
		path={
			1107 1103 1101 1096 1431 1432 1993 3231 1999 1434 
		}
		control={
			1978.000000 1806.000000 2023.000000 1801.000000 2050.000000 1763.000000 2069.000000 1737.000000 2095.000000 1724.000000 
		}
	}
	outgoing={
		name="macedonia_node"
		path={
			1120 1124 1123 1128 1132 1059 1060 
		}
		control={
			1921.000000 1804.000000 1862.000000 1779.000000 1846.000000 1741.000000 
		}
	}
	members={
		1104 1101 1106 1108 1103 1102 1099 1107 1110 1120 1118 1124 1105 1109 1127 1123 1126 1125 1121 1119 1189 1188 1183 1190 1191 1192 1922 1925 1931 1933 1935 1938 1943 1945 1947 1128 1135 1193 1194 1196 1100 5830 5832 5833 5838 5846 5847 5848 5849 5850 5851 5852 5858 5859 5862 8101 8215 8217 8218 8219 8220 8223 
	}
}
macedonia_node={
	location=1060
	color={
		117 75 175 
	}
	inland=yes
	outgoing={
		name="mare_macedonicum_node"
		path={
			1061 1062 1421 1422 
		}
		control={
			1824.000000 1711.000000 1843.000000 1707.000000 1857.000000 1687.000000 1881.000000 1667.000000 
		}
	}
	outgoing={
		name="adria_node"
		path={
			1055 1056 1049 1137 1136 1387 1389 1390 
		}
		control={
			1778.000000 1745.000000 1755.000000 1731.000000 1718.000000 1736.000000 1623.000000 1748.000000 
		}
	}
	members={
		1134 1132 1133 1131 1050 1049 1056 1055 1053 1038 1040 1042 1048 1030 1027 1026 1021 1029 1032 1054 1052 1028 1117 1111 1114 1122 1089 1091 1112 1113 1129 1115 1116 1083 1072 1073 1064 1060 1020 1034 1043 1046 1137 1138 1061 1075 5520 5521 5522 5531 5532 5533 5534 5535 5536 5538 5825 5828 5829 5831 5843 5844 5845 5853 5854 5855 5856 5857 1037 6472 8216 8221 8222 8224 8225 8678 8690
	}
}
adria_node={
	location=1390
	color={
		141 188 0 
	}
	outgoing={
		name="ionian_sea"
		path={
			1388 1386 
		}
		control={
			1591.000000 1771.000000 1678.000000 1699.000000 
		}
	}
	members={
		1390 1391 1392 24 25 31 32 38 42 37 43 56 57 59 60 78 82 85 109 116 118 1167 1166 1165 1164 1163 1170 1171 1158 1157 1155 1152 1150 1146 1149 1148 1144 1142 1140 1139 1136 1047 6866 6887 6888 5650 5651 5652 5661 5662 5663 5678 7430 
	}
}
caucassus_node={
	location=2446
	color={
		164 186 196 
	}
	inland=yes
	outgoing={
		name="black_sea"
		path={
			2444 2442 2419 2435 2432 1437 1436 1435 1434 
		}
		control={
			2720.000000 1767.000000 2695.000000 1770.000000 2633.000000 1765.000000 2577.000000 1788.000000 2476.000000 1850.000000 2397.000000 1873.000000 
		}
	}
	outgoing={
		name="armenia_node"
		path={
			2447 2414 2412 2411 2410 
		}
		control={
			2751.000000 1731.000000 2735.000000 1706.000000 2750.000000 1675.000000 
		}
	}
	members={
		2435 2436 2442 2431 2430 2438 2437 2075 2439 2440 2444 2441 2443 2445 2446 2448 2451 2452 2453 2454 2450 2457 2455 2458 2463 2461 2462 2460 2459 2464 2406 2405 2403 2465 2468 2467 2466 2469 2447 2449 2082 2081 2083 2084 2085 2090 3232 2092 2089 2103 2091 2102 2101 2093 2079 2080 2078 2076 2096 2077 2086 2425 6136 6137 6138 6139 6141 6142 6143 6144 6145 6146 6207 6208 6209 6210 6211 6212 6213 6214 6215 6217 6218 6219 6220 6221 6222 6223 6224 6225 6226 6227 6232 6233 6234 6235 6236 2097 7106 7107 7108 7109 7339 7340 7341 7342 7343 7344 7345 7346 7347 7352 7353 7354 7355 7356 7357 7358 7359 7360 7361 7378 7379 7380 7381 7382 7383 7384 7385 7386 7387 7388 7389 7390 7391 7392 7393 8620
	}
}
tibet_node={
	location=4689
	color={
		234 228 174 
	}
	inland=yes
	outgoing={
		name="kamarupa_node"
		path={
			555 
		}
		control={
			4240.000000 1326.000000 4319.000000 1297.000000 4435.000000 1215.000000 4639.000000 1204.000000 4662.000000 1149.000000 
		}
	}
	outgoing={
		name="kuru_node"
		path={
			555 
		}
		control={
			4122.000000 1336.000000 4087.000000 1314.000000 4089.000000 1247.000000 4107.000000 1198.000000 
		}
	}
	outgoing={
		name="gandhara_node"
		path={
			555 
		}
		control={
			4082.000000 1402.000000 3971.000000 1400.000000 
		}
	}
	outgoing={
		name="bactria_node"
		path={
			555 
		}
		control={
			4119.000000 1412.000000 4023.000000 1470.000000 3958.000000 1546.000000 3855.000000 1560.000000 3760.000000 1554.000000 3706.000000 1563.000000 
		}
	}
	members={
		3890 4654 4655 4656 4657 4658 4659 4660 4661 4662 4663 4664 4665 4666 4667 4668 4669 4670 4671 4672 4673 4674 4675 4676 4677 4678 4679 4680 4681 4682 4683 4684 4685 4686 4687 4688 4689 4690 4691 4692 4693 4694 4695 4696 4697 4698 2971 3888 3889 2974 2988 2987 3936 3937 3938 3939 3940 2990 2995 2999 4699 4700 4701 4702 4703 4704 4705 4706 4707 4708 4709 4710 4711 4712 4713 4715 4716 4717 4718 4719 3354 3355 3356 3357 3358 5304 5305 5306 5307 5308 5309 5310 5311 5312 5313 5315 5316 5317 5318 5319 5341 5342 5343 5344 5345 2940 2932 3564 2935 3565 
	}
}
bactria_node={
	location=2828
	color={
		229 187 219 
	}
	inland=yes
	outgoing={
		name="gandhara_node"
		path={
			2726 2744 2743 2740 2735 
		}
		control={
			3674.000000 1512.000000 3698.000000 1473.000000 3727.000000 1469.000000 3760.000000 1474.000000 3853.000000 1441.000000 
		}
	}
	outgoing={
		name="parthia_node"
		path={
			2726 2744 2743 2740 2735 
		}
		control={
			3600.000000 1565.000000 3459.000000 1577.000000 
		}
	}
	outgoing={
		name="arachosia_node"
		path={
			2726 2744 2743 2740 2735 
		}
		control={
			3503.000000 1508.000000 3425.000000 1450.000000 3486.000000 1338.000000 
		}
	}
	members={
		4996 4725 4994 4995 2827 4720 2858 4991 4992 4993 5018 2859 4721 5017 4990 4989 2860 5016 5015 4722 5013 4724 5014 5012 2857 5011 2856 5010 4723 5009 5003 5000 2824 5002 5001 4727 4997 4998 4726 4999 4986 4984 4730 2825 4985 4729 4988 4728 2829 4987 2828 4981 4980 4979 4733 4982 4732 2826 4983 4734 5005 2830 5004 4976 5006 4978 4731 5007 4977 5008 5039 4975 2832 5040 4974 4735 4736 5041 2834 5042 5043 2833 5044 5045 4743 5048 5046 4745 5047 4744 5028 5034 5023 2846 5021 4746 5027 5026 5036 5029 5024 5038 5025 5022 5037 2845 5035 4747 5020 5019 2835 5031 5032 5033 5030 5057 5058 2848 4750 5056 2836 4749 5184 4748 5183 
	}
}
champa_node={
	location=7581
	color={
		92 12 174 
	}
	outgoing={
		name="golden_peninsula_node"
		path={
			555 
		}
		control={
			5230.000000 467.000000 5219.000000 456.000000 5198.000000 430.000000 5177.000000 400.000000 5149.000000 361.000000 5151.000000 323.000000 5181.000000 262.000000 5201.000000 199.000000 5209.000000 149.000000 5223.000000 109.000000 5224.000000 68.000000 
		}
	}
	outgoing={
		name="dvaravati_node"
		path={
			555 
		}
		control={
			5223.000000 508.000000 5180.000000 549.000000 5180.000000 549.000000 5154.000000 579.000000 5095.000000 581.000000 5060.000000 607.000000 
		}
	}
	members={
		7575 7576 7577 7578 7579 7580 7581 7582 7583 7584 7585 7586 7587 7588 7589 7590 7591 7592 7593 7594 7595 7596 7597 7598 7599 7600 7601 7602 7603 7604 7605 7606 7607 7608 7609 7610 7611 7612 7613 7614 7615 7616 7617 7618 7619 7620 7621 7622 7623 7624 7625 7626 7627 7628 7629 7630 7671 7672 7673 7674 7806 7807 7808 7809 7810 7811 7812 7813 7814 7815 7816 7817 7818 7819 7820 7821 7822 7823 7824 7825 7826 7827 7828 7829 7830 
	}
}
dvaravati_node={
	location=7638
	color={
		143 161 70 
	}
	outgoing={
		name="golden_peninsula_node"
		path={
			555 
		}
		control={
			5029.000000 574.000000 5025.000000 514.000000 5032.000000 443.000000 5058.000000 371.000000 5099.000000 318.000000 5145.000000 279.000000 5174.000000 230.000000 5178.000000 161.000000 5206.000000 112.000000 5216.000000 82.000000 
		}
	}
	members={
		6826 6827 6829 6830 6831 7686 7687 7688 7689 7690 7651 7652 7653 7654 7655 7636 7637 7638 7639 7640 7656 7657 7658 7659 7660 7731 7732 7733 7734 7735 7661 7662 7663 7664 7665 7631 7632 7633 7634 7635 7666 7667 7668 7669 7670 7726 7727 7728 7729 7730 7736 7737 7738 7739 7740 7741 7742 7745 7804 7805 
	}
}
golden_peninsula_node={
	location=6840
	color={
		29 207 198 
	}
	outgoing={
		name="burma_node"
		path={
			555 
		}
		control={
			5184.000000 64.000000 5134.000000 100.000000 5104.000000 121.000000 5061.000000 146.000000 5044.000000 178.000000 5033.000000 213.000000 5018.000000 250.000000 4997.000000 296.000000 4970.000000 333.000000 4939.000000 366.000000 4928.000000 417.000000 4928.000000 453.000000 4919.000000 515.000000 4909.000000 584.000000 4903.000000 644.000000 4897.000000 700.000000 4881.000000 739.000000 4841.000000 804.000000 
		}
	}
	members={
		7831 7832 7833 7834 7835 7836 7837 7838 7839 7840 7841 7842 7843 7844 7845 7846 7847 7848 7849 7850 7851 7852 7853 7854 7855 7856 7857 7858 7859 7860 7861 7862 7863 7864 7865 7641 7642 7643 7644 7645 7646 7647 7648 7649 7650 6840 7866 7867 7868 7869 7870 7871 7872 7873 7874 7875 7945 7946 7947 7948 7949 7950 7951 7952 7953 7954 7955 7956 7957 7958 7959 7960 7961 7962 7963 7964 7965 7966 7967 7968 7969 7970 7971 7972 7973 7974 7980 7981 7982 7983 7984 7985 7986 7987 7988 7989 7990 7991 7992 7993 7994 7995 7996 7997 7998 7999 8000 3219 
	}
}
burma_node={
	location=6756
	color={
		74 48 32 
	}
	outgoing={
		name="vanga_node"
		path={
			555 
		}
		control={
			4830.000000 810.000000 4851.000000 765.000000 4832.000000 746.000000 4793.000000 712.000000 4775.000000 768.000000 4712.000000 845.000000 4671.000000 895.000000 4648.000000 927.000000 4592.000000 971.000000 
		}
	}
	outgoing={
		name="kamarupa_node"
		path={
			555 
		}
		control={
			4830.000000 841.000000 4813.000000 884.000000 4823.000000 947.000000 4794.000000 998.000000 4767.000000 1044.000000 4727.000000 1055.000000 4728.000000 1091.000000 4703.000000 1116.000000 
		}
	}
	members={
		6756 6757 6758 6759 6760 6761 6762 6763 6764 6765 6766 6767 6768 6769 6770 6771 6772 6773 6774 6775 6776 6777 6778 6779 6780 6781 6782 6783 6784 6785 6786 6787 6788 6789 6790 6791 6792 6793 6794 6795 6796 6797 6798 6799 6800 6801 6802 6803 6804 6805 6806 6807 6808 6809 6810 6811 6812 6813 6814 6815 6816 6817 6818 6819 6820 6821 6822 6823 6824 6825 6828 6832 6833 6834 6835 7525 7526 7527 7528 7529 7530 7531 7532 7533 7534 7535 7536 7537 7538 7539 7540 7541 7542 7543 7544 7545 7546 7547 7548 7549 7550 7551 7552 7553 7554 
	}
}
kamarupa_node={
	location=3542
	color={
		141 94 0 
	}
	inland=yes
	outgoing={
		name="vanga_node"
		path={
			555 
		}
		control={
			4620.000000 1100.000000 4570.000000 1044.000000 
		}
	}
	outgoing={
		name="ganges_node"
		path={
			555 
		}
		control={
			4568.000000 1125.000000 4396.000000 1107.000000 
		}
	}
	outgoing={
		name="magadha_node"
		path={
			555 
		}
		control={
			4564.000000 1113.000000 4483.000000 1068.000000 
		}
	}
	members={
		3011 3520 3500 3003 3521 3001 3522 3524 3499 3002 3544 3545 3014 3013 3546 3016 3547 3017 3015 3541 3540 3004 3537 3538 3539 3005 3542 3543 3012 3896 3897 3898 3899 3900 3901 3902 3903 3904 3905 5346 5347 3770 5354 5355 5356 
	}
}
ganges_node={
	location=3006
	color={
		0 127 67 
	}
	inland=yes
	outgoing={
		name="magadha_node"
		path={
			555 
		}
		control={
			4364.000000 1079.000000 4388.000000 1083.000000 
		}
	}
	outgoing={
		name="kuru_node"
		path={
			555 
		}
		control={
			4282.000000 1093.000000 4199.000000 1158.000000 4128.000000 1167.000000 
		}
	}
	members={
		3642 3641 3783 3782 2986 2997 2996 3000 2998 2993 3007 2989 2991 3006 2992 2994 3523 3616 3617 3643 3644 3645 3646 3647 3648 3649 3650 3708 3710 3711 3712 3769 3772 3773 3774 3775 3776 3777 3778 3779 3780 3781 3906 3907 3908 3909 3910 2984 3771 3914 3915 5348 5349 5350 5351 5352 5353 5357 5358 5359 5360 5361 5362 5363 5400 5486 5487 5488 5489 5490 5491 5492 5493 5494 5495 
	}
}
magadha_node={
	location=3027
	color={
		213 70 0 
	}
	inland=yes
	outgoing={
		name="vanga_node"
		path={
			555 
		}
		control={
			4420.000000 1065.000000 4452.000000 1027.000000 4500.000000 1007.000000 4541.000000 997.000000 
		}
	}
	outgoing={
		name="central_india_node"
		path={
			555 
		}
		control={
			4381.000000 1057.000000 4307.000000 998.000000 4274.000000 947.000000 4222.000000 907.000000 
		}
	}
	outgoing={
		name="kuru_node"
		path={
			555 
		}
		control={
			4335.000000 1060.000000 4261.000000 1078.000000 4130.000000 1140.000000 
		}
	}
	outgoing={
		name="kalinga_node"
		path={
			555 
		}
		control={
			4410.000000 1035.000000 4400.000000 964.000000 4377.000000 931.000000 
		}
	}
	outgoing={
		name="malava_node"
		path={
			555 
		}
		control={
			4327.000000 1038.000000 4238.000000 1050.000000 4115.000000 1093.000000 
		}
	}
	members={
		3824 3825 3826 3827 3828 3029 3027 3025 3028 3041 3042 3611 3612 3613 3614 3615 3707 3072 3706 3619 3071 3734 3735 3070 3736 3705 3703 3704 3618 3073 3075 3738 3076 3623 3620 3624 3895 3077 3709 3043 2985 3891 3078 3893 3894 3882 3892 3971 3972 3976 3977 5364 5365 5386 5387 5388 5389 5390 5391 5392 5393 5394 5395 5396 5397 5398 5399 5401 5413 5414 5426 5427 5428 5462 
	}
}
vanga_node={
	location=3725
	color={
		150 84 127 
	}
	outgoing={
		name="kalinga_node"
		path={
			555 
		}
		control={
			4509.000000 957.000000 4427.000000 897.000000 
		}
	}
	outgoing={
		name="chola_node"
		path={
			555 
		}
		control={
			4559.000000 950.000000 4490.000000 864.000000 4409.000000 800.000000 4334.000000 708.000000 4264.000000 640.000000 4241.000000 556.000000 4211.450195 490.209991 
		}
	}
	members={
		3010 3684 3685 3686 3687 3721 3505 3722 3504 3507 3719 3718 3506 3720 3008 3495 3503 3496 3723 3502 3724 3610 3732 3021 3494 3731 3730 3729 3725 3018 3726 3497 3501 3728 3019 3727 3033 3032 3498 3733 3031 3785 3784 3030 3609 3815 3607 3022 3814 3009 3816 3605 3020 3606 3608 3817 3818 3023 3024 3026 5116 5117 5118 5119 5120 5121 5122 5123 5124 5125 5405 5406 5407 5408 5409 5410 5416 5417 5418 5419 5420 6515 6516 6517 6518 6519 6520 6521 6522 6523 6524 6525 6526 6527 6528 6529 
	}
}
central_india_node={
	location=3069
	color={
		119 0 3 
	}
	inland=yes
	outgoing={
		name="deccan_node"
		path={
			3059 3058 3118 3122 3124 
		}
		control={
			4183.000000 812.000000 4040.000000 734.000000 
		}
	}
	outgoing={
		name="malava_node"
		path={
			3105 3076 3086 3084 3188 3079 
		}
		control={
			4088.000000 950.000000 4072.000000 1058.000000 
		}
	}
	outgoing={
		name="konkana_node"
		path={
			3059 3058 3117 3115 3119 3128 3178 1522 
		}
		control={
			4112.000000 824.000000 4001.000000 803.000000 3933.000000 742.000000 
		}
	}
	outgoing={
		name="kalinga_node"
		path={
			3059 3057 3185 3121 3135 3138 1531 3192 
		}
		control={
			4303.000000 910.000000 
		}
	}
	members={
		3069 3068 3059 3067 3106 3105 3189 3088 3089 3103 3058 3186 3187 3107 3585 3586 3587 3590 3592 3679 3680 3681 3737 3739 3741 3742 3743 3752 3108 3753 3740 3104 3754 3924 3925 3929 3930 3933 3934 3935 3966 3967 3968 3969 3970 3973 3974 3975 3978 3979 3980 5101 5102 5103 5375 5411 5412 5415 5429 5430 5431 5432 5433 5434 5452 5453 5454 5459 5460 5461 5463 5464 5465 5466 5467 5468 5469 5470 
	}
}
kalinga_node={
	location=3493
	color={
		28 40 64 
	}
	inland=yes
	outgoing={
		name="deccan_node"
		path={
			3059 3058 3118 3122 3124 
		}
		control={
			4328.000000 893.000000 4250.000000 826.000000 4209.000000 803.000000 4151.000000 764.000000 4093.000000 705.000000 4026.000000 703.000000 
		}
	}
	outgoing={
		name="dravida_node"
		path={
			3059 3058 3118 3122 3124 
		}
		control={
			4339.000000 871.000000 4282.000000 817.000000 4229.000000 754.000000 4151.000000 707.000000 
		}
	}
	outgoing={
		name="chola_node"
		path={
			3059 3057 3185 3121 3135 3138 1531 3192 
		}
		control={
			4387.000000 864.000000 4385.000000 821.000000 4377.000000 776.000000 4279.000000 695.000000 4222.000000 613.000000 4212.000000 518.000000 
		}
	}
	members={
		3064 3062 3066 3060 3061 3057 3056 3185 3038 3036 3037 3054 3055 3682 3683 3744 3745 3746 3747 3786 3787 3788 3493 3790 3791 3792 3793 3039 3652 3961 3962 3963 3964 3965 5402 5403 5404 5421 5423 5425 5435 5436 5438 5472 5474 5475 5476 5477 
	}
}
deccan_node={
	location=3127
	color={
		72 250 250 
	}
	inland=yes
	outgoing={
		name="konkana_node"
		path={
			3126 3127 3129 3178 1522 
		}
		control={
			3948.000000 683.000000 
		}
	}
	outgoing={
		name="dravida_node"
		path={
			3134 3149 3143 3142 3192 
		}
		control={
			4048.000000 658.000000 
		}
	}
	members={
		3133 3122 3124 3123 3126 3125 3127 3128 3119 3113 3114 3109 3115 3116 3121 3135 3174 3580 3581 3582 3660 3661 3662 3663 3664 3667 3669 3749 3751 3755 3756 3794 3795 3809 3810 3811 3812 3813 3819 3821 3758 5091 5092 5093 5094 5095 5096 5097 5098 5099 5100 3117 3118 3750 3748 5440 5443 5444 5445 5446 5447 5448 5449 5450 5451 5455 5456 5457 5458 6397 6398 6399 6400 6401 6405 6406 6407 6408 6409 
	}
}
dravida_node={
	location=3134
	color={
		199 226 77 
	}
	inland=yes
	outgoing={
		name="chola_node"
		path={
			3134 3149 3143 3142 3192 
		}
		control={
			4120.000000 599.000000 4150.000000 526.000000 
		}
	}
	outgoing={
		name="konkana_node"
		path={
			3134 3149 3143 3142 3192 
		}
		control={
			4076.000000 631.000000 4001.000000 634.000000 3965.000000 646.000000 3925.000000 683.000000 
		}
	}
	members={
		3130 3150 3134 3152 3153 3132 3151 3148 3136 3149 3143 3145 3146 3147 3156 3157 3131 3668 3670 3671 3672 3673 3674 3675 3676 3796 3797 3801 3802 3803 3804 3805 3806 3807 3808 3820 3822 3823 3799 5109 5111 5112 6303 6304 6306 6307 6311 6312 6313 6314 6318 6319 6320 6321 5441 6298 6299 6323 6324 6325 6327 6328 6329 6331 6332 6333 6335 6336 6337 6339 6340 6342 6343 6344 6345 6347 6348 6349 6350 6351 6352 6353 6354 6355 6356 6357 6358 6359 6360 6361 6362 6363 6364 6365 6366 6372 6385 6388 6389 6402 6403 6404 6410 6411 6412 6413 6414 6415 6416 6417 6418 6419 6420 6421 6422 6423 6424 6425 6426 
	}
}
chola_node={
	location=3192
	color={
		144 157 160 
	}
	outgoing={
		name="konkana_node"
		path={
			3145 3148 3150 3130 3133 3174 3129 3178 1522 
		}
		control={
			4075.000000 478.000000 3991.000000 510.000000 3927.000000 656.000000 
		}
	}
	members={
		3194 3193 3197 3195 3196 3198 3206 3205 3204 3202 3203 3200 3201 3199 3159 3161 3160 3158 3063 3144 3192 3141 3142 3140 3139 3138 3191 3137 3190 3120 3053 3052 3051 3050 3046 3049 3047 3045 3044 3035 3065 3034 3651 3653 3654 3655 3656 3657 3658 3659 3678 3798 3789 5108 5110 5113 5114 5115 5422 5424 5437 5439 5442 5471 5473 5478 5479 5480 6297 6300 6302 6308 6310 6315 6316 6317 6322 6369 6373 6374 6375 6376 6427 6428 6429 6431 6432 6438 6439 6441 6442 6443 6445 6446 6447 6448 6449 6450 6451 6453 6454 6456 6458 6459 6460 6461 6464 6466 6467 6469 6471 
	}
}
kuru_node={
	location=3079
	color={
		59 74 160 
	}
	inland=yes
	outgoing={
		name="gandhara_node"
		path={
			2972 2968 2969 2947 2946 2936 2930 
		}
		control={
			4068.000000 1240.000000 4019.000000 1294.000000 3963.000000 1356.000000 
		}
	}
	outgoing={
		name="malava_node"
		path={
			3080 2966 2925 2924 2795 
		}
		control={
			4079.000000 1147.000000 
		}
	}
	members={
		3079 3188 3083 2975 2973 2977 2980 2979 2976 2978 2964 2972 3492 3554 3627 3491 3759 3760 2967 3630 3631 3632 3635 3636 3637 3638 3639 3640 3713 3714 3762 3763 3764 3765 3766 3767 3768 2968 2970 2963 3761 3716 3717 3911 3912 3943 3944 3945 3913 2982 3634 3941 3942 2983 2981 3715 2960 3553 5138 5139 5140 5141 5142 5158 5159 5160 5161 5162 5163 5164 5165 5166 5167 5481 5482 5483 5484 5485 
	}
}
malava_node={
	location=3082
	color={
		95 122 46 
	}
	inland=yes
	outgoing={
		name="konkana_node"
		path={
			3082 3091 3090 3089 3103 3110 3111 3112 3179 1522 
		}
		control={
			4002.000000 1036.000000 3903.000000 950.000000 3877.000000 874.000000 3901.000000 766.000000 
		}
	}
	outgoing={
		name="indos_node"
		path={
			3080 2966 2925 2924 2795 
		}
		control={
			3910.000000 1032.000000 3821.000000 1043.000000 3735.000000 1086.000000 
		}
	}
	members={
		3082 3081 3080 3095 3092 3093 3094 3096 3101 3091 3090 3087 3097 3098 2959 2965 2966 3584 3591 3595 3596 3597 3598 3600 3601 3602 3603 3604 3621 3625 3628 3629 3876 3877 3878 3879 3880 3881 3884 3885 3931 3932 3085 3633 3883 3626 3084 3086 3622 3536 3099 3959 3960 5143 5144 5145 5146 5147 5151 5152 5153 5154 5155 5156 5157 5366 5367 5368 5369 5370 5371 5372 5373 5374 5376 5377 5378 5379 5380 5381 5382 5383 5384 5385 
	}
}
gandhara_node={
	location=2930
	color={
		107 195 159 
	}
	inland=yes
	outgoing={
		name="arachosia_node"
		path={
			2943 2953 2805 2818 2784 2769 
		}
		control={
			3834.000000 1404.000000 3755.000000 1353.000000 3619.000000 1338.000000 
		}
	}
	outgoing={
		name="indos_node"
		path={
			2943 2942 2941 2927 2929 2928 2922 2795 
		}
		control={
			3864.000000 1395.000000 3838.000000 1337.000000 3827.000000 1277.000000 3823.000000 1245.000000 3761.000000 1200.000000 3721.000000 1175.000000 3694.000000 1131.000000 
		}
	}
	members={
		2823 2931 2822 2949 2805 2953 2954 2930 2933 2943 2934 2927 2941 2942 2938 2944 2946 2945 2936 2947 2939 2951 2937 2969 2961 2962 3490 3484 3485 3488 3483 3487 3548 3549 3550 3551 3552 3555 3556 3557 3558 3559 3560 3561 3562 3563 3566 3567 3568 3569 3570 3571 3572 3698 3699 3700 3701 3702 3886 3887 4819 4820 4821 4822 4823 4824 4825 4826 4827 4828 4829 4830 4831 4832 4833 4834 4835 4836 4837 4838 4839 4840 4841 4842 4843 5321 5322 5323 5324 5325 5326 5327 5328 5329 5330 5331 5332 5333 5334 5335 5336 5337 5338 5339 5340 
	}
}
konkana_node={
	location=1522
	color={
		216 77 13 
	}
	outgoing={
		name="indos_node"
		path={
			1540 1539 1514 2793 2795 
		}
		control={
			3869.000000 794.000000 3859.000000 857.000000 3771.000000 901.000000 3716.000000 992.000000 3712.000000 1043.000000 3701.000000 1055.000000 3717.000000 1082.000000 
		}
	}
	outgoing={
		name="erythraeum_sea_node"
		path={
			1540 1636 1500 1490 1489 
		}
		control={
			3890.000000 720.000000 3851.000000 743.000000 3839.000000 825.000000 3769.000000 884.000000 3712.000000 957.000000 3650.000000 1014.000000 3539.000000 1002.000000 3418.000000 1016.000000 3403.000000 959.000000 3376.000000 896.000000 3270.000000 762.000000 3131.000000 689.000000 3032.000000 618.000000 
		}
	}
	members={
		2918 2919 3100 3102 2920 3184 3110 3111 3183 3182 3181 3180 3179 3178 3177 3176 3175 3173 3172 3170 3169 3167 3168 3166 3165 3164 3162 3163 1521 1522 1523 1524 1525 3573 3574 3575 3576 3577 3578 3579 3588 3589 3593 3594 3665 3666 3677 3757 3583 3800 3916 3917 3918 3919 3920 3921 3922 3923 3926 3927 3928 3956 3957 3958 5104 5105 5106 5107 6367 6368 6370 6371 6377 6378 6379 6380 6381 6382 6383 6384 6386 6387 6390 6391 6392 6393 6394 6395 6396 
	}
}
indos_node={
	location=2795
	color={
		194 196 166 
	}
	outgoing={
		name="arachosia_node"
		path={
			2801 2788 2786 2769 
		}
		control={
			3626.000000 1149.000000 3587.000000 1262.000000 
		}
	}
	outgoing={
		name="erythraeum_sea_node"
		path={
			2793 1514 1517 1516 1493 1492 1491 1489 
		}
		control={
			3679.000000 1055.000000 3645.000000 1031.000000 3609.000000 1050.000000 3554.000000 1042.000000 3460.000000 1044.000000 3375.000000 1035.000000 3363.000000 995.000000 3384.000000 946.000000 3354.000000 896.000000 3267.000000 781.000000 3100.000000 695.000000 2991.000000 631.000000 
		}
	}
	outgoing={
		name="persian_gulf_node"
		path={
			2790 2791 2814 2771 2748 2713 2681 2680 2737 1506 
		}
		control={
			3662.000000 1074.000000 3600.000000 1067.000000 3485.000000 1059.000000 3362.000000 1065.000000 3264.000000 1080.000000 3243.000000 1136.000000 3187.000000 1120.000000 
		}
	}
	members={
		2803 2804 2812 2802 2811 2928 2929 2922 2924 2956 2914 2912 2913 2923 2801 2788 2790 2794 2795 2793 2926 2952 2955 2957 2921 2958 2948 2915 2916 2917 3489 3482 3486 3508 3509 3510 3511 3512 3513 3514 3515 3516 3517 3518 3519 3525 3526 3527 3528 3529 3530 3531 3532 3533 3534 3535 3599 3831 3832 3833 3837 3838 3946 3947 3948 3949 3950 3951 3952 3953 3954 3955 5086 5088 5089 5090 5148 5149 5150 
	}
}
arachosia_node={
	location=2769
	color={
		122 35 94 
	}
	inland=yes
	outgoing={
		name="parthia_node"
		path={
			2767 2766 2763 2815 2725 
		}
		control={
			3492.000000 1301.000000 3437.000000 1340.000000 3410.000000 1372.000000 3389.000000 1418.000000 3341.000000 1461.000000 3343.000000 1508.000000 
		}
	}
	outgoing={
		name="iran_node"
		path={
			2767 2770 2753 2750 2742 2740 2735 
		}
		control={
			3510.000000 1270.000000 3447.000000 1248.000000 3390.000000 1259.000000 3346.000000 1196.000000 3284.000000 1204.000000 3204.000000 1237.000000 3156.000000 1268.000000 
		}
	}
	members={
		2783 2768 2816 2784 2817 2767 2780 2781 2779 2769 2791 2813 2814 2778 2787 2770 2771 2749 2748 2782 2773 2789 2785 2786 2818 2806 2819 2821 2820 3830 3834 3835 3836 3839 3840 3841 3842 3843 3844 3845 3846 3847 3848 3850 3851 3852 3853 3854 3855 3857 3858 3860 3861 3862 3863 3864 3869 3829 3856 4944 4945 4947 4948 4949 4950 4951 4952 4953 2831 5087 8269 8270 8271 8272 8273 8274 
	}
}
parthia_node={
	location=2725
	color={
		21 193 84 
	}
	inland=yes
	outgoing={
		name="iran_node"
		path={
			2726 2744 2743 2740 2735 
		}
		control={
			3307.000000 1537.000000 3149.000000 1513.000000 3065.000000 1444.000000 3047.000000 1386.000000 
		}
	}
	members={
		2746 2745 2726 2725 2724 2706 2729 2722 2728 2720 2719 2723 2721 2840 2842 2837 2744 2761 2815 2839 2765 2762 2763 2764 2751 2883 2838 2841 2766 3865 3866 3867 3868 3870 3871 3872 3873 3874 3875 4751 4752 4753 4754 4755 4756 4757 4758 4759 4760 4761 4762 4763 4767 4771 4772 4946 4954 4955 4956 4957 4958 4959 4960 4961 4962 4963 4964 4965 4966 4967 4968 4969 4970 4971 4972 4973 5049 5050 5051 5052 5053 5054 5055 5181 5182 5185 5186 5187 5197 5188 5189 5190 5191 5192 5193 5194 5195 5221 5222 5223 5224 5225 5226 5227 5228 5229 5230 
	}
}
iran_node={
	location=2735
	color={
		165 106 45 
	}
	inland=yes
	outgoing={
		name="persian_gulf_node"
		path={
			2736 2684 2685 2496 2679 2737 1506 
		}
		control={
			3078.000000 1310.000000 3087.000000 1268.000000 3097.000000 1246.000000 3095.000000 1188.000000 3054.000000 1184.000000 
		}
	}
	outgoing={
		name="armenia_node"
		path={
			2732 2755 2705 2688 2698 2696 2694 2397 2396 2410 
		}
		control={
			3006.000000 1367.000000 2959.000000 1433.000000 2890.000000 1505.000000 2857.000000 1564.000000 2798.000000 1593.000000 2777.000000 1621.000000 
		}
	}
	outgoing={
		name="babylonia_node"
		path={
			2686 2495 2662 2658 2657 2652 2499 2500 
		}
		control={
			3052.000000 1307.000000 3006.000000 1269.000000 2944.000000 1339.000000 2897.000000 1353.000000 2811.000000 1383.000000 2775.000000 1393.000000 
		}
	}
	members={
		2678 2703 2687 2689 2732 2686 2688 2690 2691 2698 2701 2682 2683 2684 2685 2707 2708 2716 2709 2681 2733 2680 2738 2713 2717 2735 2736 2734 2704 2705 2731 2700 2702 2712 2740 2730 2741 2747 2715 2742 2743 2750 2727 4764 4765 4766 4768 4769 4770 4773 4774 4775 4776 4777 4778 4779 4780 4781 4782 4783 4784 4785 4786 4787 4788 4789 4790 4791 4792 4793 4794 4801 4802 4803 4804 4805 4806 4807 4810 4814 4815 4816 4817 4818 5685 5686 5687 5688 
	}
}
erythraeum_sea_node={
	location=1489
	color={
		177 181 115 
	}
	outgoing={
		name="aethiopia_node"
		path={
			1488 1485 875 874 868 
		}
		control={
			2919.000000 578.000000 2808.000000 545.000000 2713.000000 494.000000 2667.000000 497.000000 2563.000000 554.000000 2533.000000 608.000000 
		}
	}
	outgoing={
		name="arabia_node"
		path={
			2601 2621 2620 2612 2611 
		}
		control={
			2918.000000 623.000000 2886.000000 619.000000 2828.000000 604.000000 2771.000000 657.000000 
		}
	}
	outgoing={
		name="red_sea_node"
		path={
			1488 2598 2597 2595 1484 1482 
		}
		control={
			2893.000000 594.000000 2817.000000 582.000000 2734.000000 544.000000 2678.000000 578.000000 2584.000000 688.000000 
		}
	}
	members={
		1485 1488 1489 1486 1487 2595 2596 2597 2598 2599 2600 2601 2602 2603 2604 2632 2633 2634 2636 2635 2637 2638 876 877 878 885 886 887 888 889 890 891 893 894 892 884 897 898 895 881 882 883 3300 3294 3293 3292 3291 3290 3289 6578 6579 6580 6583 6584 6585 6586 6587 6588 6900 6901 6902 6903 6904 6905 6906 6907 6582 8651 8660 8652 8653 8654 
	}
}
aethiopia_node={
	location=868
	color={
		48 60 86 
	}
	inland=yes
	outgoing={
		name="nubia_node"
		path={
			867 836 852 822 821 
		}
		control={
			2393.000000 627.000000 2308.000000 628.000000 2284.000000 664.000000 2259.000000 674.000000 2259.000000 707.000000 2294.000000 724.000000 2301.000000 743.000000 2312.000000 768.000000 2302.000000 788.000000 2290.000000 809.000000 2290.000000 828.000000 2268.000000 838.000000 2242.000000 815.000000 
		}
	}
	outgoing={
		name="red_sea_node"
		path={
			870 871 1482 
		}
		control={
			2498.000000 640.000000 2544.000000 643.000000 2553.000000 667.000000 2537.000000 712.000000 
		}
	}
	members={
		868 867 866 869 864 863 901 865 862 904 858 857 859 905 915 870 874 879 880 3295 3296 3297 3298 3299 6535 6536 6537 6539 6542 6543 6544 6545 6546 6547 6548 6549 6550 6551 6552 6553 6554 6555 6556 6557 6558 6559 6560 6561 6562 6563 6564 6565 6566 6567 6568 6569 6577 6581 6908 6909 6910 6911 6912 6913 6914 6915 6916 6917 6918 6919 6920 6921 6922 6923 6924 6925 6926 6927 6928 6929 6930 6931 6932 6939 6940 6941 6942 6943 6944 6945 6946 6947 6948 6958 6959 6960 6961 6962 6963 6964 6965 6966 6967 6968 6969 6970 6973 6974 6975 6976 6977 6978 6979 6980 6981 6982 6983 6984 6985 6986 6987 6988 6989 6990 6991 6992 6993 6994 6995 6996 6997 6998 
	}
}
arabia_node={
	location=2611
	color={
		36 85 48 
	}
	inland=yes
	outgoing={
		name="persian_gulf_node"
		path={
			2605 2527 2649 1507 1506 
		}
		control={
			2822.000000 672.000000 2886.000000 685.000000 2971.000000 656.000000 3033.000000 681.000000 3071.000000 718.000000 3105.000000 727.000000 3128.000000 737.000000 3162.000000 741.000000 3189.000000 772.000000 3227.000000 782.000000 3239.000000 807.000000 3270.000000 822.000000 3277.000000 857.000000 3303.000000 889.000000 3348.000000 922.000000 3342.000000 968.000000 3259.000000 1018.000000 3227.000000 1047.000000 3200.000000 1083.000000 3089.000000 1111.000000 
		}
	}
	outgoing={
		name="red_sea_node"
		path={
			2610 2593 1483 1482 
		}
		control={
			2687.590088 643.640015 2601.000000 717.000000 
		}
	}
	outgoing={
		name="canaan_node"
		path={
			2608 2607 2606 2572 2567 2631 2591 2281 2282 2283 2277 
		}
		control={
			2684.000000 704.000000 2659.000000 754.000000 2620.000000 814.000000 2588.000000 866.000000 2536.000000 910.000000 2522.000000 953.000000 2511.000000 999.000000 2473.000000 1042.000000 2440.000000 1087.000000 2394.000000 1148.000000 2362.000000 1208.000000 2368.000000 1264.000000 2364.000000 1313.000000 
		}
	}
	outgoing={
		name="babylonia_node"
		path={
			2608 2607 2606 2572 2567 2631 2590 2523 2514 2511 2500 
		}
		control={
			2725.000000 738.000000 2689.000000 791.000000 2716.000000 820.000000 2791.000000 872.000000 2828.000000 964.000000 2839.000000 1020.000000 2841.000000 1061.000000 2809.000000 1085.000000 2890.000000 1165.000000 2879.000000 1232.000000 2836.000000 1286.000000 2792.000000 1312.000000 2761.000000 1326.000000 2744.000000 1335.000000 2744.000000 1345.000000 2729.000000 1362.000000 
		}
	}
	members={
		2590 2631 2573 2564 2574 2575 2577 2587 2576 2578 2630 2629 2611 2614 2612 2605 2620 2607 2608 2606 2572 2567 2622 2628 2623 2626 2621 2562 2568 2569 2570 2561 2556 2557 2554 2552 2553 2549 2551 2555 2550 2543 2523 2528 2588 2589 2615 2616 2618 2617 2613 2627 2619 2625 2609 2610 2624 8644 8645 8646 8647 8648 8649 8650 8655 8661
	}
}
persian_gulf_node={
	location=1506
	color={
		79 127 153 
	}
	outgoing={
		name="babylonia_node"
		path={
			1504 2671 2669 2508 2505 2504 2502 2500 
		}
		control={
			3019.000000 1166.000000 2949.000000 1251.000000 2853.000000 1299.000000 2829.000000 1319.000000 2791.000000 1344.000000 2758.000000 1365.000000 
		}
	}
	members={
		1503 3459 3981 3468 3467 3470 3469 3466 3471 3472 3473 1504 1505 1506 1507 1508 1509 2508 2509 2516 2518 2517 2519 2579 2667 2669 2668 2670 2664 2666 2665 2673 2672 2677 2674 2675 2676 2679 2737 3224 2711 2710 2739 2718 2772 3859 2775 2776 2777 2792 2580 2581 2582 2583 2584 2585 2586 2649 2650 2651 2648 2645 2646 2641 2644 2647 2640 2639 2642 2643 2671 3849 3982 3983 4808 4809 4811 4812 4845 4846 4847 4848 4866 4867 4868 4869 4870 4871 4939 4940 4941 4942 4943 5633 7136 7137 7138 7139 7140 8656 8657 8658 8659
	}
}
armenia_node={
	location=2410
	color={
		57 92 150 
	}
	inland=yes
	outgoing={
		name="cappadocia_node"
		path={
			2395 2391 2389 2384 2377 2342 2343 2244 
		}
		control={
			2713.000000 1679.000000 2643.000000 1673.000000 2566.000000 1680.000000 2510.000000 1666.000000 2427.000000 1663.000000 
		}
	}
	outgoing={
		name="syria_node"
		path={
			2395 2391 2389 2384 2376 2372 2369 2347 2349 
		}
		control={
			2710.000000 1643.000000 2636.000000 1634.000000 2606.000000 1626.000000 2565.000000 1624.000000 2531.000000 1594.000000 2480.000000 1566.000000 2489.000000 1544.000000 
		}
	}
	outgoing={
		name="assyria_node"
		path={
			2395 2390 3453 2476 
		}
		control={
			2758.000000 1616.000000 2750.000000 1592.000000 2772.000000 1549.000000 2769.000000 1518.000000 2725.000000 1529.000000 
		}
	}
	members={
		2413 3474 3475 2424 6168 2420 2416 2412 2391 2389 2392 2395 2394 2422 2423 2426 2427 2410 2396 2408 2409 2411 2407 2400 2401 2402 2404 2397 2398 2692 2415 2414 2693 2694 2695 2696 2697 2699 2421 2388 2393 4795 4796 4797 4798 4799 4800 4813 4907 4908 4909 4910 4911 4912 4913 4914 4915 4916 4917 4918 4919 4920 4921 4922 4923 4924 4925 4926 4927 4928 4937 4929 2385 2386 2456 6216 6200 6201 6111 6113 6114 6115 6116 6117 6118 6122 6123 6124 6125 6126 6127 6128 6129 6130 6131 6132 6133 6134 6135 6147 6149 6150 6152 6153 6156 6158 6160 6161 6162 6163 6165 6166  6169 6170 6171 6172 6173 6174 6175 6176 6197 6198 6199 6140 6228 6229 6230 6231 5684 
	}
}
babylonia_node={
	location=2500
	color={
		150 57 114 
	}
	inland=yes
	outgoing={
		name="assyria_node"
		path={
			2499 2497 2491 2479 3988 2473 2476 
		}
		control={
			2737.000000 1394.000000 2731.000000 1407.000000 2729.000000 1426.000000 2707.000000 1450.000000 2688.000000 1487.000000 2682.000000 1525.000000 
		}
	}
	outgoing={
		name="syria_node"
		path={
			2499 2497 2491 2479 3988 2473 2476 
		}
		control={
			2721.000000 1394.000000 2686.000000 1407.000000 2657.000000 1427.000000 2638.000000 1442.000000 2594.000000 1445.000000 2580.000000 1464.000000 2536.000000 1502.000000 2485.000000 1506.000000 
		}
	}
	members={
		3457 3456 3460 3461 3462 3455 3458 3463 3465 2506 2505 2659 2663 2662 2661 2497 2657 2658 2660 2654 2489 2653 2360 2498 2514 2511 2510 2513 2359 2500 2499 2652 2502 2503 2504 2501 2507 2512 2515 2656 3984 3985 3986 4849 4850 4851 4872 4873 4874 4875 4902 4903 4904 4905 4906 2655 3987 3464 5625 5626 5627 5628 5629 5630 5631 5632 6269 6273 6274 6275 6276 6277 6278 6279 6280 6281 6282 6283 
	}
}
assyria_node={
	location=2476
	color={
		175 152 54 
	}
	inland=yes
	outgoing={
		name="syria_node"
		path={
			2472 2470 2375 4893 2373 3440 2372 2368 2347 2349 
		}
		control={
			2605.000000 1544.000000 2536.000000 1555.000000 2507.000000 1536.000000 
		}
	}
	members={
		2476 2475 3453 3452 3451 2477 4892 2472 2470 3450 4880 2481 2478 2473 2493 4879 2484 2485 4878 2486 2482 2483 4876 4877 3988 2480 2479 2491 3227 4852 2490 4853 4854 2487 3454 2488 2361 3228 2358 2357 2356 2362 2363 2353 2354 2366 2367 2364 2373 2374 2375 4893 3441 2474 3990 2471 2387 4858 4859 3442 2384 4857 3989 4930 6270 6271 6272 6284 6285 6286 6287 6288 4855 2376 7110 7111 7112 7113 7114 7115 7120 7121 7122 7129 7130 7131 7132 7133 7134 2492 5624 
	}
}
red_sea_node={
	location=1482
	color={
		173 45 17 
	}
	outgoing={
		name="egypt_node"
		path={
			1480 1478 1476 1474 1472 770 749 744 745 
		}
		control={
			2493.000000 802.000000 2441.000000 935.000000 2386.000000 1007.000000 2351.000000 1043.000000 2306.000000 1056.000000 2259.000000 1080.000000 2265.000000 1097.000000 2260.000000 1116.000000 2234.000000 1117.000000 2209.000000 1144.000000 2185.000000 1172.000000 2179.000000 1198.000000 2187.000000 1222.000000 2200.000000 1243.000000 
		}
	}
	outgoing={
		name="canaan_node"
		path={
			1480 1478 1476 1475 1473 2262 2266 2271 2274 2277 
		}
		control={
			2569.000000 823.000000 2485.000000 955.000000 2427.000000 1044.000000 2372.000000 1140.000000 2329.000000 1178.000000 2350.000000 1253.000000 2352.000000 1311.000000 
		}
	}
	members={
		1479 1478 1480 1481 1482 1483 1484 1472 1473 1474 1475 1476 1477 778 777 779 776 775 772 773 767 768 769 784 774 764 766 765 844 843 841 839 929 872 871 873 896 875 2540 2536 2531 2547 2548 2255 2254 2259 2258 2256 770 743 2253 2257 2260 2261 2262 2529 2530 2558 2559 2560 2563 2565 2566 2571 2592 2593 2594 6570 6571 6575 6576 6589 6590 6933 6934 6935 6936 6937 6938 8642 8643
	}
}
canaan_node={
	location=2277
	color={
		200 138 204 
	}
	inland=yes
	outgoing={
		name="egypt_node"
		path={
			2278 2273 2270 2252 742 740 744 745 
		}
		control={
			2338.000000 1340.000000 2313.000000 1315.000000 2279.000000 1309.000000 2257.000000 1307.000000 2240.000000 1316.000000 2230.000000 1300.000000 2210.000000 1296.000000 2202.000000 1279.000000 
		}
	}
	outgoing={
		name="mare_phoenicium_node"
		path={
			2284 2286 2288 2299 1455 
		}
		control={
			2337.000000 1371.000000 
		}
	}
	outgoing={
		name="syria_node"
		path={
			2283 2290 2295 2302 2306 2308 2311 2319 2349 
		}
		control={
			2376.000000 1357.000000 2400.000000 1412.000000 2426.000000 1449.000000 2457.000000 1509.000000 
		}
	}
	members={
		2268 3444 2269 2272 2274 2278 2277 2284 2286 2288 2289 2283 2290 2282 2280 2281 2296 2297 2524 2291 2275 2271 2266 2267 2264 2265 2276 2263 2533 2534 2535 2714
		2537 2539 2542 2541 2544 2545 2546 2522 2521 2520 2295 2298 2301 2293 2294 2303 2302 2292 2532 2538 4881 4882 4883 4885 4886 4891 5612 5613 5614 5615 5616 5617
		5618 5619 5620 5621 5622 5623 5691 5694 5695 5696 5697 5698 5699 7003 7004 7005 7006 7007 7164 7165 7166 7167 8490 8491
	}
}
syria_node={
	location=2349
	color={
		216 122 8 
	}
	inland=yes
	outgoing={
		name="cappadocia_node"
		path={
			2346 2339 2330 2340 2244 
		}
		control={
			2458.000000 1560.000000 2485.000000 1578.000000 2517.000000 1601.000000 2499.000000 1622.000000 2445.000000 1650.000000 
		}
	}
	outgoing={
		name="mare_phoenicium_node"
		path={
			2319 2310 2317 1455 
		}
		control={
			2431.000000 1521.000000 2409.000000 1527.000000 2390.000000 1521.000000 2372.000000 1496.000000 2369.000000 1449.000000 
		}
	}
	members={
		2365 3446 3447 3448 3449 3440 3439 2313 2323 2314 2324 2351 2318 2319 2325 2326 2348 2331 2346 2349 2347 2350 2352 2369 2368 2372 4900 4899 4901 2371 2345 2377
		2370 2339 2322 2329 2310 2311 2306 2344 2307 2308 2309 2312 2525 4856 4895 4896 4897 4898 2526 3991 3992 4933 4934 4935 7116 7117 7118 7119 7123 7124 7125 7126
		7127 7128 7141 7142 7143 7144 7145 7146 7147 7148 7149 7150 7151 7152 7153 7154 7155 7156 7157 7158 7159 7160 7161 7162 7163 7168 7169 7170 2304
	}
}
nubia_node={
	location=821
	color={
		66 150 105 
	}
	inland=yes
	outgoing={
		name="egypt_node"
		path={
			850 801 795 782 781 3237 760 758 755 753 751 748 745 
		}
		control={
			2204.000000 785.000000 2178.000000 789.000000 2162.000000 819.000000 2156.000000 854.000000 2165.000000 860.000000 2155.000000 889.000000 2177.000000 914.000000 2194.000000 936.000000 2210.000000 957.000000 2233.000000 974.000000 2244.000000 973.000000 2259.000000 994.000000 2259.000000 1052.000000 2243.000000 1080.000000 2255.000000 1104.000000 2233.000000 1103.000000 2201.000000 1138.000000 2174.000000 1168.000000 2174.000000 1216.000000 2187.000000 1238.000000 
		}
	}
	members={
		803 804 801 802 805 807 808 806 809 811 812 810 813 815 814 821 818 817 819 816 830 820 829 828 823 822 824 825 826 848 849 845 846 842 840 834 855 827 831 833 832 837 838 836 835 856 847 850 851 6530 6531 6532 6533 6534 6572 6573 6574 6949 6950 6951 6952 6953 6954 6955 6956 6957 6999 7000 7001 7002 
	}
}
cappadocia_node={
	location=2244
	color={
		145 56 62 
	}
	inland=yes
	outgoing={
		name="asia_minor_node"
		path={
			2222 2219 2197 2195 2198 2177 2170 2159 2158 
		}
		control={
			2386.000000 1650.000000 2339.000000 1635.000000 2282.000000 1657.000000 2231.000000 1665.000000 2163.000000 1660.000000 2098.000000 1624.000000 
		}
	}
	outgoing={
		name="black_sea"
		path={
			2243 2238 2226 2225 1440 1445 1434 
		}
		control={
			2392.000000 1683.000000 2406.000000 1719.000000 2414.000000 1729.000000 2399.000000 1764.000000 2350.000000 1821.000000 
		}
	}
	members={
		2218 2244 2243 2340 2216 2215 2217 2222 2220 2380 2382 2381 2341 2246 2242 2237 2238 2221 2224 2226 2184 2193 2196 2219 2236 2245 2235 2234 2233 2343 2342 2378 2338 2337 2336 2335 4931 4932 4938 5752 5753 2197 2213 2214 5754 5755 5756 5757 5758 5759 5760 5761 5762 5763 5764 5773 5774 5765 5766 5767 5768 5769 5770 5771 5772 5784 5785 5786 5787 5788 5789 5790 5791 5792 5793 5794 5795 5796 5797 5798 5799 5808 5809 5810 6177 6178 6179 6180 6181 6182 6183 6184 6185 6186 6187 6188 6189 6190 6191 6192 6193 6194 6195 6196 7559 5610 5783 5506 5517 8268 
	}
}
black_sea={
	location=1434
	color={
		43 15 56 
	}
	outgoing={
		name="propontis_node"
		path={
			1444 1441 1429 
		}
		control={
			2320.000000 1854.000000 2277.000000 1855.000000 2239.000000 1887.000000 2187.000000 1890.000000 2126.000000 1871.000000 2096.000000 1825.000000 2063.000000 1781.000000 2073.000000 1761.000000 2100.000000 1742.000000 2109.000000 1733.000000 2106.000000 1723.000000 2103.000000 1717.000000 
		}
	}
	members={
		1434 1435 1449 2005 1998 1999 3231 2007 1996 1997 1995 1994 2006 2004 2003 2002 2001 2000 2068 2070 2071 2069 2067 2095 1986 1988 1989 1990
		1991 1992 1993 2008 2009 2010 2011 2012 2013 2065 2066 2072 2074 2073 2433 2432 2434 2429 2428 2232 2231 2230 2229 2228 2227 2183 2223 2225
		1095 1096 1097 1098 1984 1985 5800 5801 5802 5803 5804 5805 5806 5807 5817 5818 5819 5820 5821 5842 6202 6203 6204 6205 6206 7101 7102 7103
		7104 7172 7173 7174 7175 7176 7177 7178 7179 7180 7181 7185 7186 7187 7188 7190 7192 7193 7195 7202 7210 7268 7269
		7302 7303 7311 7313 7321 7329 7337 7348 7349 7350 7351 7427 7338 7487 7488 8621
	}
}
propontis_node={
	location=1429
	color={
		58 171 197 
	}
	outgoing={
		name="mare_macedonicum_node"
		path={
			1444 1441 1429 
		}
		control={
			2081.000000 1709.000000 2055.000000 1715.000000 2036.000000 1701.000000 2019.000000 1700.000000 2008.000000 1694.000000 2000.000000 1689.000000 1994.000000 1682.000000 1983.000000 1676.000000 1971.000000 1663.000000 1942.000000 1667.000000 
		}
	}
	outgoing={
		name="asia_minor_node"
		path={
			1444 1441 1429 
		}
		control={
			2091.000000 1704.000000 2074.000000 1682.000000 2073.000000 1665.000000 2064.000000 1640.000000 2060.000000 1633.000000 
		}
	}
	members={
		1080 1081 1082 1084 1085 1086 1087 1088 1090 1092 1093 1094 2115 2116 2117 2118 2119 2143 2145 2150 2151 2152 2161 2180 2182 5582 5583 5584 5585 5586 5587 5588 5589 5590 5592 5593 5594 5595 5596 5705 5708 5709 5815 5816 5836 5837 5839 5840 5841 5864 5865 5866 5867 1429 
	}
}
asia_minor_node={
	location=2158
	color={
		75 175 82 
	}
	inland=yes
	outgoing={
		name="mare_phoenicium_node"
		path={
			2165 2169 2168 2138 2137 1461 1458 3215 1456 1455 
		}
		control={
			2051.000000 1612.000000 2068.000000 1581.000000 2100.000000 1560.000000 2121.000000 1528.000000 2152.000000 1518.000000 2202.000000 1536.000000 2271.000000 1503.000000 2350.000000 1521.000000 2351.000000 1470.000000 
		}
	}
	outgoing={
		name="aegaean_sea_node"
		path={
			2157 2124 2125 1418 1419 
		}
		control={
			2035.000000 1627.000000 2039.000000 1597.000000 1978.000000 1598.000000 
		}
	}
	members={
		2158 2155 2156 2159 2178 2164 2163 2165 2169 2170 2174 2168 2167 2176 2173 2175 2177 2199 2146 2147 2148 2153 2179 2210 2200 2202 2203 2208 2211 2212 2198 2195 2194 2190 2189 2191 2187 2186 2188 2154 2192 2144 2122 2157 2160 2162 2166 2201 2204 2209 5599 5600 5732 5733 5734 5735 5736 5700 5701 5702 5703 5704 5706 5707 5710 5711 5712 5713 5714 5715 5716 5717 5718 5719 5720 5721 5722 5723 5724 5726 5728 5729 5730 5731 5737 5738 5739 5740 5741 5742 5743 5744 5745 5746 5747 5748 5749 5750 5751 5775 5776 5777 5778 5779 5782 2185 5811 5812 5813 5814 5822 5823 5863 6591 2149 6240
	}
}
libya_node={
	location=661
	color={
		43 39 61 
	}
	inland=yes
	outgoing={
		name="numidia_node"
		path={
			657 667 643 640 639 627 624 611 
		}
		control={
			1450.000000 1185.000000 1425.000000 1207.000000 1305.000000 1285.000000 1342.000000 1330.000000 1349.000000 1375.000000 1324.000000 1409.000000 1322.000000 1435.000000 1286.000000 1473.000000 
		}
	}
	outgoing={
		name="mare_lybicum_node"
		path={
			659 658 713 711 697 698 700 701 1381 
		}
		control={
			1489.000000 1193.000000 1494.000000 1276.000000 1499.000000 1371.000000 1526.000000 1391.000000 1592.000000 1340.000000 1710.000000 1325.000000 1733.000000 1367.000000 
		}
	}
	outgoing={
		name="egypt_node"
		path={
			673 800 798 746 745 
		}
		control={
			1509.000000 1146.000000 1506.000000 1172.000000 1613.000000 1187.000000 1699.000000 1227.000000 1776.000000 1230.000000 1912.000000 1260.000000 2016.000000 1231.000000 2097.000000 1194.000000 2170.000000 1251.000000 
		}
	}
	members={
		667 714 703 639 640 628 643 678 677 679 796 906 675 674 676 686 685 641 645 644 642 664 651 653 655 665 647 661 666 656 657 662 660 663 658
		659 713 696 697 699 712 711 1641 1640 1639 716 717 715 718 719 787 786 788 789 790 792 791 793 794 3229 8276 8590 8591
	}
}
egypt_node={
	location=745
	color={
		216 191 47 
	}
	outgoing={
		name="aegaean_sea_node"
		path={
			731 732 728 1383 1465 1464 1006 1412 1416 1419 
		}
		control={
			2177.000000 1290.000000 2150.000000 1313.000000 2119.500000 1327.930054 2086.000000 1384.000000 2051.000000 1448.000000 2007.000000 1473.000000 1982.000000 1528.000000 1968.000000 1546.000000 1972.000000 1574.000000 
		}
	}
	outgoing={
		name="mare_phoenicium_node"
		path={
			744 749 743 2252 2270 1454 1455 
		}
		control={
			2192.000000 1285.000000 2215.000000 1324.000000 2234.000000 1341.000000 2305.000000 1339.000000 2333.000000 1402.000000 
		}
	}
	outgoing={
		name="mare_lybicum_node"
		path={
			731 798 797 708 707 706 1381 
		}
		control={
			2176.000000 1277.000000 2157.000000 1299.000000 2131.000000 1302.000000 2052.000000 1339.000000 1948.000000 1369.000000 1870.000000 1402.000000 
		}
	}
	members={
		3237 728 732 733 727 735 729 730 734 736 737 744 740 739 738 741 742 749 745 731 746 747 748 750 752 751 754 753 2249 756 755 760 757 758 761 759 762 763 780 781 785 783 795 782 2252 771 2250 6243 6244 6245 6246 6247 6248 6249 6250 6251 6252 6253 6254 6255 6256 6257 6258 6259 6260 6261 6262 6263 
	}
}
numidia_node={
	location=611
	color={
		197 226 53 
	}
	inland=yes
	outgoing={
		name="mare_internum_node"
		path={
			614 618 1362 1367 
		}
		control={
			1301.000000 1534.000000 1334.000000 1549.000000 1391.000000 1590.000000 
		}
	}
	outgoing={
		name="mare_lybicum_node"
		path={
			622 619 1362 1375 1406 1405 1403 1381 
		}
		control={
			1317.000000 1486.000000 1339.000000 1485.000000 1362.000000 1489.000000 1430.000000 1491.000000 1468.000000 1440.000000 1568.000000 1423.000000 1649.000000 1365.000000 1753.000000 1389.000000 
		}
	}
	members={
		603 604 610 611 600 624 601 602 591 586 590 593 592 585 573 589 598 599 583 605 580 577 581 584 587 570 576 574 571 569 572 609 613 614 622 623 626 627 6267 6268 
	}
}
mare_lybicum_node={
	location=1381
	color={
		31 135 124 
	}
	outgoing={
		name="mare_internum_node"
		path={
			1403 1405 1406 1375 1367 
		}
		control={
			1674.000000 1407.000000 1619.000000 1456.000000 1510.000000 1487.000000 1450.000000 1532.000000 1406.000000 1570.000000 
		}
	}
	outgoing={
		name="ionian_sea"
		path={
			1402 1400 1397 1386 
		}
		control={
			1851.000000 1471.000000 1769.000000 1549.000000 1722.000000 1617.000000 1708.000000 1645.000000 
		}
	}
	outgoing={
		name="aegaean_sea_node"
		path={
			1396 1001 1411 1416 1419 
		}
		control={
			1868.000000 1438.000000 1869.000000 1493.000000 1914.000000 1518.000000 1940.000000 1564.000000 1956.000000 1585.000000 
		}
	}
	members={
		1381 618 619 620 621 625 630 629 636 637 638 646 648 649 650 652 654 694 695 698 700 701 702 705 704 706 707 709 720 721 723 722 724 1379 1380
		1378 1396 708 710 725 726 6241 6242 8585 8586 8587 8588 8589
	}
}
mare_macedonicum_node={
	location=1423
	color={
		182 158 173 
	}
	outgoing={
		name="aegaean_sea_node"
		path={
			1420 1022 1021 1020 1033 1393 1386 
		}
		control={
			1929.000000 1656.000000 1934.000000 1629.000000 1955.000000 1609.000000 
		}
	}
	members={
		969 970 971 972 983 984 985 986 987 988 989 990 991 999 1022 1023 1024 1025 1031 1062 1063 1065 1066 1067 1068 1069 1070 1071 1074 1076 1077
		1078 1079 2120 2121 2123 2124 2125 2126 5523 5524 5525 5526 5527 5528 5529 5530 5537 5539 5540 5542 5597 5598 5601 5602 5826
		5827 6594 1422 1423 1421 1427 1424 8606 5591
	}
}
aegaean_sea_node={
	location=1419
	color={
		168 28 23 
	}
	outgoing={
		name="ionian_sea"
		path={
			1420 1022 1021 1020 1033 1393 1386 
		}
		control={
			1939.000000 1605.000000 1899.000000 1573.000000 1872.000000 1542.000000 1861.000000 1514.000000 1820.000000 1533.000000 1792.000000 1557.000000 1760.000000 1581.000000 1724.000000 1647.000000 
		}
	}
	outgoing={
		name="mare_phoenicium_node"
		path={
			1459 1460 1468 1462 1414 1417 1419 
		}
		control={
			1972.000000 1585.000000 1991.000000 1563.000000 2016.000000 1536.000000 2045.000000 1506.000000 2084.000000 1511.000000 2117.000000 1508.000000 2161.000000 1510.000000 2204.000000 1516.000000 2237.000000 1461.000000 2271.000000 1450.000000 2297.000000 1459.000000 2331.000000 1453.000000 
		}
	}
	members={
		1419 1416 1415 1411 1412 1409 1417 1413 943 933 932 931 930 954 937 938 953 940 939 957 955 959 960 961 958 963 973 975 979 980 981 977 976 978 982 992 993 994 995 996 997 998 1003 1005 1006 1007 2127 2128 2129 2130 2131 2133 2132 1000 1001 1002 1004 5504 5508 5510 5511 5513 5514 5515 5516 1425 1420 965 964 974 5541 5545 5546 5547 5548 5559 5573 5574 5575 5576 5577 5579 5580 5604 5605 5606 5607 5608 5609 5611 6435 6436 6437 6592 6593 5512 2134 5725 7135
	}
}
ionian_sea={
	location=1386
	color={
		170 181 193 
	}
	outgoing={
		name="mare_internum_node"
		path={
			1384 14 7 1368 1367 
		}
		control={
			1646.000000 1651.000000 1600.000000 1607.000000 1551.000000 1576.000000 1550.000000 1595.000000 1556.000000 1607.000000 1553.000000 1617.000000 1508.000000 1606.000000 1454.000000 1616.000000 
		}
	}
	members={
		1386 1385 1384 1376 1393 1394 1017 1018 1019 10 11 12 7 8 14 15 17 19 20 27 21 26 22 23 1044 1045 1039 1041 1036 1033 1035 1016 1015 1014 968 966 956 945 952 951 950 949 942 941 947 948 946 1011 1012 1013 934 935 936 944 9 967 962 5543 5544 5549 5550 5554 5555 5556 5557 5558 5560 5561 5562 5563 6433 6434 6474 6475 6476 6473 5648 5649 7558 
	}
}
mare_phoenicium_node={
	location=1455
	color={
		216 197 205 
	}
	members={
		1454 3443 3445 1455 1456 1457 1459 1458 2251 2320 2270 2273 2279 2285 2287 2299 2300 2316 2317 2321 2328 2332 2333 2334 2207 2206 2205 2171
		2172 2136 2137 2135 3209 3208 3210 3211 3215 3214 3216 3212 3213 4884 4887 4888 4889 4890 4936 5501 5502 5503 5727 5780 5781 5868 5869
		5870 5871 5872 5873 5874 5875 5876 5877 5689 5690 5692 5693 7171 5507 5505 5581 8561
	}
	end=yes
}
mare_internum_node={
	location=1367
	color={
		192 219 140 
	}
	members={
		1367 1249 1366 1361 1368 1369 39 34 35 33 36 29 30 28 18 16 13 6 2 1 3 4 1250 616 617 615 612 608 607 606 597 45 579 578 128 129 131 130 5 588 582 5551
		5552 5553 5564 5565 5566 5567 5568 5569 5570 5571 5572 5659 6237 6264 6265 6266 6477 6478 6479 5653 5654 5655 5656 5657 5658 5660 5664 5665 8199 8200 8201
		8202 8208 
	}
	end=yes
}
